mu0 delta sigma0 sigmav lambda gamma1 gamma2 mua1 sigmaa1 mua2 sigmaa2 mut sigmat a10 a11 a12 a13 a14 a15 a16 a17 a18 a19 a110 a111 a112 a113 a114 a115 a20 a21 a22 a23 a24 a25 a26 a27 a28 a29 a210 a211 a212 a213 a214 a215 tau0 tau1 tau2 tau3 tau4 tau5 tau6 tau7 tau8 tau9 tau10 tau11 tau12 tau13 tau14 tau15 halted score 
-16.7273 3.8666 10.3786 0.1435 64.3408 0.0455 0.3154 7.6097 0.0065 1.0210 0.0153 -2.5012 0.0448 7.8008 7.8478 7.6379 7.6125 7.6001 7.6334 7.6027 7.5978 7.5876 7.5809 7.5506 7.5434 7.5421 7.5516 7.5426 7.5341 1.4979 0.8969 0.8888 0.9678 0.9783 0.9809 0.9945 1.0036 0.9927 0.9927 0.9954 0.9971 0.9943 0.9838 0.9776 0.9842 -2.3799 -2.3087 -2.3824 -2.6172 -2.7441 -2.7187 -2.7378 -2.5622 -2.4460 -2.5399 -2.6022 -2.6693 -2.6560 -2.5494 -2.5430 -2.6151 0.3025 -4164738.9167 
-16.7273 3.8666 10.3966 0.1438 64.3408 0.0467 0.3154 7.6070 0.0074 1.0078 0.0126 -2.4719 0.0475 7.8005 7.8486 7.6379 7.6133 7.6001 7.6319 7.6027 7.5978 7.5876 7.5809 7.5506 7.5434 7.5416 7.5529 7.5416 7.5341 1.4979 0.8969 0.8927 0.9678 0.9783 0.9826 0.9945 1.0036 0.9927 0.9923 0.9954 0.9967 0.9943 0.9838 0.9784 0.9842 -2.3799 -2.3142 -2.3824 -2.6118 -2.7441 -2.7234 -2.7378 -2.5622 -2.4460 -2.5399 -2.6022 -2.6719 -2.6560 -2.5494 -2.5430 -2.5929 0.3011 -4164732.3230 
-16.7273 3.8666 10.3966 0.1438 64.3408 0.0467 0.3154 7.6095 0.0055 1.0095 0.0170 -2.4888 0.0808 7.8005 7.8486 7.6352 7.6133 7.6002 7.6313 7.6027 7.5978 7.5876 7.5809 7.5531 7.5434 7.5416 7.5529 7.5420 7.5341 1.4979 0.9091 0.8927 0.9674 0.9783 0.9829 0.9942 1.0035 0.9927 0.9923 0.9954 0.9974 0.9943 0.9833 0.9784 0.9842 -2.3689 -2.3118 -2.3824 -2.6118 -2.7441 -2.7275 -2.7303 -2.5622 -2.4515 -2.5286 -2.6022 -2.6719 -2.6560 -2.5494 -2.5430 -2.5929 0.3011 -4164732.7217 
-16.7273 3.8666 10.3966 0.1438 64.3408 0.0467 0.3154 7.6095 0.0072 1.0110 0.0204 -2.4814 0.0464 7.8005 7.8486 7.6353 7.6133 7.6001 7.6313 7.6016 7.5984 7.5894 7.5809 7.5531 7.5436 7.5427 7.5529 7.5414 7.5341 1.4979 0.9103 0.8927 0.9674 0.9783 0.9828 0.9942 1.0020 0.9927 0.9926 0.9953 0.9974 0.9933 0.9822 0.9784 0.9842 -2.3689 -2.3118 -2.3824 -2.6118 -2.7441 -2.7275 -2.7303 -2.5622 -2.4515 -2.5286 -2.6022 -2.6719 -2.6560 -2.5465 -2.5430 -2.6196 0.3011 -4164735.5580 
-16.7273 3.8666 10.3966 0.1438 64.2199 0.0467 0.3157 7.6125 0.0057 1.0036 0.0109 -2.4981 0.0744 7.8005 7.8501 7.6353 7.6133 7.6001 7.6313 7.6016 7.5984 7.5904 7.5809 7.5531 7.5436 7.5427 7.5532 7.5414 7.5341 1.4989 0.9103 0.8941 0.9674 0.9783 0.9828 0.9940 1.0036 0.9927 0.9926 0.9953 0.9974 0.9937 0.9822 0.9790 0.9842 -2.3838 -2.3118 -2.3824 -2.6118 -2.7341 -2.7128 -2.7327 -2.5622 -2.4515 -2.5286 -2.6095 -2.6719 -2.6560 -2.5465 -2.5475 -2.6043 0.3011 -4164739.5896 
-16.8912 3.8666 10.3966 0.1438 64.2199 0.0467 0.3157 7.6085 0.0059 1.0056 0.0199 -2.4881 0.0868 7.8008 7.8486 7.6353 7.6119 7.6001 7.6313 7.6016 7.5984 7.5872 7.5809 7.5529 7.5436 7.5427 7.5531 7.5414 7.5325 1.4989 0.9177 0.8941 0.9674 0.9783 0.9828 0.9940 1.0036 0.9927 0.9926 0.9941 0.9974 0.9937 0.9827 0.9790 0.9842 -2.3798 -2.3118 -2.3824 -2.6118 -2.7341 -2.7240 -2.7327 -2.5657 -2.4515 -2.5286 -2.6095 -2.6719 -2.6560 -2.5465 -2.5475 -2.6106 0.3011 -4164728.6091 
-16.9068 3.8666 10.3966 0.1438 64.2199 0.0467 0.3157 7.6080 0.0048 1.0068 0.0166 -2.4973 0.0376 7.8008 7.8489 7.6365 7.6119 7.6001 7.6313 7.6031 7.5984 7.5872 7.5810 7.5529 7.5436 7.5427 7.5531 7.5414 7.5325 1.4989 0.9276 0.9010 0.9674 0.9790 0.9828 0.9940 1.0036 0.9927 0.9926 0.9941 0.9962 0.9935 0.9827 0.9798 0.9842 -2.3798 -2.3118 -2.3824 -2.6118 -2.7341 -2.7240 -2.7327 -2.5657 -2.4515 -2.5443 -2.6148 -2.6625 -2.6560 -2.5465 -2.5512 -2.6106 0.3035 -4164727.5647 
-16.8922 3.8666 10.3966 0.1438 64.2199 0.0467 0.3157 7.6102 0.0061 1.0097 0.0122 -2.4889 0.1103 7.7998 7.8483 7.6365 7.6119 7.6001 7.6313 7.6031 7.5966 7.5872 7.5806 7.5527 7.5436 7.5427 7.5531 7.5414 7.5325 1.4989 0.9276 0.8971 0.9664 0.9790 0.9826 0.9940 1.0037 0.9927 0.9926 0.9954 0.9962 0.9935 0.9827 0.9798 0.9842 -2.3798 -2.3118 -2.3824 -2.6118 -2.7341 -2.7240 -2.7429 -2.5657 -2.4515 -2.5415 -2.6148 -2.6625 -2.6560 -2.5465 -2.5588 -2.6106 0.3035 -4164733.6420 
-16.7430 3.8666 10.3966 0.1438 64.2199 0.0468 0.3157 7.6074 0.0068 1.0087 0.0109 -2.5140 0.0638 7.7998 7.8483 7.6365 7.6135 7.6001 7.6313 7.6021 7.5966 7.5886 7.5806 7.5514 7.5436 7.5427 7.5531 7.5414 7.5325 1.4989 0.9088 0.8971 0.9674 0.9790 0.9826 0.9940 1.0054 0.9927 0.9926 0.9954 0.9962 0.9935 0.9827 0.9798 0.9848 -2.3798 -2.3118 -2.3824 -2.6118 -2.7341 -2.7240 -2.7429 -2.5794 -2.4545 -2.5415 -2.6148 -2.6626 -2.6560 -2.5465 -2.5588 -2.6106 0.3035 -4164728.1279 
-16.8294 3.8666 10.3966 0.1438 64.2199 0.0468 0.3157 7.6100 0.0066 1.0050 0.0123 -2.4998 0.0650 7.7998 7.8483 7.6365 7.6135 7.5995 7.6319 7.6020 7.5966 7.5885 7.5806 7.5514 7.5440 7.5427 7.5521 7.5403 7.5325 1.4989 0.9088 0.8971 0.9674 0.9788 0.9821 0.9940 1.0054 0.9934 0.9926 0.9954 0.9962 0.9935 0.9834 0.9798 0.9848 -2.3798 -2.3118 -2.3824 -2.6118 -2.7341 -2.7205 -2.7451 -2.5701 -2.4545 -2.5415 -2.6167 -2.6736 -2.6560 -2.5465 -2.5588 -2.6000 0.3035 -4164729.2651 
-16.8294 3.8666 10.3966 0.1438 64.0705 0.0457 0.3157 7.6093 0.0043 1.0046 0.0151 -2.4846 0.0565 7.7998 7.8483 7.6365 7.6135 7.5995 7.6319 7.6020 7.5966 7.5885 7.5813 7.5509 7.5440 7.5427 7.5528 7.5412 7.5325 1.4989 0.9088 0.8926 0.9664 0.9788 0.9821 0.9940 1.0054 0.9934 0.9933 0.9954 0.9962 0.9935 0.9834 0.9798 0.9848 -2.3798 -2.3118 -2.3824 -2.6151 -2.7341 -2.7205 -2.7451 -2.5701 -2.4545 -2.5415 -2.6167 -2.6761 -2.6560 -2.5465 -2.5588 -2.6069 0.3035 -4164730.2390 
-16.8294 3.8666 10.3966 0.1438 64.3081 0.0457 0.3157 7.6096 0.0071 1.0064 0.0088 -2.4794 0.0535 7.7998 7.8494 7.6365 7.6141 7.6005 7.6319 7.6019 7.5966 7.5885 7.5813 7.5509 7.5440 7.5419 7.5528 7.5404 7.5325 1.4989 0.9088 0.8926 0.9664 0.9787 0.9825 0.9940 1.0054 0.9932 0.9922 0.9954 0.9962 0.9935 0.9827 0.9799 0.9858 -2.3773 -2.3118 -2.3824 -2.6151 -2.7341 -2.7205 -2.7451 -2.5735 -2.4545 -2.5462 -2.6167 -2.6761 -2.6560 -2.5465 -2.5588 -2.6069 0.3005 -4164728.9711 
-16.8294 3.8666 10.3966 0.1438 64.2573 0.0483 0.3157 7.6111 0.0051 1.0057 0.0134 -2.5186 0.0608 7.8009 7.8494 7.6357 7.6123 7.6005 7.6316 7.6019 7.5961 7.5885 7.5813 7.5522 7.5435 7.5419 7.5528 7.5404 7.5325 1.4989 0.9088 0.8926 0.9664 0.9787 0.9820 0.9939 1.0054 0.9932 0.9934 0.9954 0.9962 0.9935 0.9827 0.9807 0.9858 -2.3756 -2.3118 -2.3824 -2.6075 -2.7341 -2.7205 -2.7451 -2.5735 -2.4524 -2.5400 -2.6167 -2.6638 -2.6560 -2.5465 -2.5488 -2.6069 0.3004 -4164731.2425 
-16.8294 3.8666 10.5407 0.1438 64.2573 0.0483 0.3157 7.6105 0.0048 1.0051 0.0231 -2.4732 0.0505 7.8005 7.8496 7.6357 7.6123 7.6005 7.6315 7.6019 7.5961 7.5885 7.5813 7.5522 7.5435 7.5418 7.5528 7.5404 7.5325 1.4993 0.9186 0.8963 0.9664 0.9787 0.9824 0.9940 1.0054 0.9927 0.9934 0.9954 0.9971 0.9935 0.9827 0.9797 0.9860 -2.3800 -2.3118 -2.3824 -2.6075 -2.7341 -2.7205 -2.7423 -2.5735 -2.4524 -2.5400 -2.6167 -2.6638 -2.6560 -2.5465 -2.5488 -2.6069 0.3004 -4164730.3705 
-16.8425 3.8666 10.5407 0.1438 64.2573 0.0465 0.3150 7.6081 0.0037 0.9999 0.0362 -2.4936 0.0653 7.8005 7.8484 7.6357 7.6124 7.6005 7.6313 7.6019 7.5961 7.5876 7.5813 7.5522 7.5435 7.5418 7.5528 7.5404 7.5325 1.4993 0.9186 0.8963 0.9664 0.9785 0.9824 0.9940 1.0049 0.9932 0.9934 0.9954 0.9971 0.9935 0.9822 0.9797 0.9860 -2.3753 -2.3118 -2.3847 -2.6075 -2.7341 -2.7205 -2.7384 -2.5735 -2.4575 -2.5400 -2.6043 -2.6638 -2.6417 -2.5465 -2.5478 -2.6133 0.3008 -4164731.1423 
-16.8425 3.8666 10.5407 0.1438 64.2573 0.0465 0.3162 7.6091 0.0060 1.0041 0.0168 -2.5026 0.0416 7.8005 7.8484 7.6352 7.6124 7.6005 7.6313 7.6019 7.5961 7.5876 7.5813 7.5501 7.5432 7.5418 7.5528 7.5415 7.5325 1.4993 0.9186 0.8959 0.9664 0.9777 0.9824 0.9940 1.0049 0.9932 0.9934 0.9962 0.9971 0.9947 0.9822 0.9797 0.9860 -2.3810 -2.3118 -2.3847 -2.6075 -2.7341 -2.7205 -2.7384 -2.5735 -2.4537 -2.5400 -2.6043 -2.6638 -2.6417 -2.5465 -2.5478 -2.6133 0.3017 -4164731.0240 
-16.8425 3.8666 10.5057 0.1438 64.2573 0.0465 0.3162 7.6096 0.0081 1.0130 0.0168 -2.4980 0.0638 7.8005 7.8484 7.6352 7.6124 7.6005 7.6313 7.6019 7.5961 7.5876 7.5813 7.5501 7.5436 7.5418 7.5530 7.5411 7.5325 1.4981 0.9062 0.8959 0.9664 0.9784 0.9839 0.9940 1.0055 0.9948 0.9934 0.9971 0.9971 0.9947 0.9822 0.9797 0.9860 -2.3810 -2.3118 -2.3847 -2.6075 -2.7539 -2.7205 -2.7384 -2.5735 -2.4537 -2.5354 -2.6092 -2.6658 -2.6457 -2.5465 -2.5478 -2.6095 0.3017 -4164728.7750 
-16.8425 3.8666 10.4897 0.1419 64.2573 0.0465 0.3162 7.6053 0.0049 1.0054 0.0319 -2.5208 0.0615 7.7999 7.8484 7.6352 7.6130 7.6003 7.6311 7.6029 7.5961 7.5857 7.5810 7.5501 7.5436 7.5418 7.5530 7.5411 7.5325 1.4981 0.9062 0.8950 0.9664 0.9784 0.9839 0.9940 1.0055 0.9956 0.9938 0.9971 0.9971 0.9947 0.9825 0.9797 0.9860 -2.3810 -2.3209 -2.3847 -2.6075 -2.7539 -2.7205 -2.7384 -2.5735 -2.4537 -2.5368 -2.6082 -2.6747 -2.6457 -2.5465 -2.5554 -2.6095 0.2985 -4164727.8189 
-16.8425 3.8666 10.4897 0.1419 64.2573 0.0461 0.3162 7.6086 0.0061 0.9980 0.0106 -2.4972 0.0668 7.7999 7.8484 7.6352 7.6130 7.6004 7.6311 7.6024 7.5961 7.5857 7.5805 7.5503 7.5436 7.5418 7.5533 7.5411 7.5325 1.4981 0.9062 0.8975 0.9664 0.9784 0.9839 0.9940 1.0048 0.9956 0.9938 0.9971 0.9971 0.9947 0.9825 0.9794 0.9860 -2.3856 -2.3025 -2.3847 -2.6075 -2.7502 -2.7280 -2.7384 -2.5693 -2.4537 -2.5368 -2.6082 -2.6747 -2.6640 -2.5465 -2.5554 -2.6095 0.2985 -4164726.8645 
-16.8425 3.8666 10.4897 0.1419 64.2573 0.0461 0.3162 7.6094 0.0073 1.0078 0.0222 -2.5259 0.0609 7.7999 7.8484 7.6356 7.6130 7.6016 7.6311 7.6024 7.5961 7.5857 7.5817 7.5499 7.5436 7.5424 7.5533 7.5407 7.5325 1.4981 0.9052 0.8975 0.9653 0.9767 0.9839 0.9940 1.0048 0.9946 0.9938 0.9985 0.9971 0.9946 0.9825 0.9809 0.9860 -2.3856 -2.3025 -2.3847 -2.6075 -2.7326 -2.7280 -2.7384 -2.5693 -2.4560 -2.5368 -2.6082 -2.6747 -2.6640 -2.5445 -2.5554 -2.6165 0.2982 -4164728.7786 
-16.8425 3.8666 10.4897 0.1419 64.0835 0.0469 0.3162 7.6076 0.0084 1.0098 0.0089 -2.4753 0.0961 7.8003 7.8476 7.6356 7.6130 7.6024 7.6306 7.6024 7.5961 7.5857 7.5817 7.5499 7.5436 7.5424 7.5533 7.5408 7.5322 1.4962 0.9112 0.8975 0.9672 0.9767 0.9835 0.9940 1.0048 0.9946 0.9924 0.9986 0.9971 0.9946 0.9825 0.9806 0.9860 -2.3856 -2.3199 -2.3847 -2.6081 -2.7326 -2.7292 -2.7360 -2.5693 -2.4560 -2.5368 -2.6037 -2.6747 -2.6640 -2.5423 -2.5554 -2.6103 0.2986 -4164741.0438 
-16.8425 3.8666 10.4897 0.1419 64.2018 0.0482 0.3162 7.6093 0.0053 1.0045 0.0126 -2.4733 0.0593 7.8003 7.8476 7.6356 7.6130 7.6019 7.6306 7.6024 7.5961 7.5857 7.5820 7.5500 7.5436 7.5411 7.5533 7.5407 7.5322 1.4973 0.9112 0.8975 0.9672 0.9767 0.9835 0.9940 1.0048 0.9946 0.9924 0.9986 0.9971 0.9946 0.9825 0.9806 0.9860 -2.3740 -2.3199 -2.3944 -2.6349 -2.7271 -2.7292 -2.7382 -2.5693 -2.4560 -2.5368 -2.6037 -2.6670 -2.6571 -2.5423 -2.5554 -2.6103 0.2983 -4164739.9795 
-16.8425 3.8666 10.4897 0.1436 64.2260 0.0482 0.3164 7.6083 0.0074 1.0056 0.0108 -2.4969 0.0317 7.8003 7.8476 7.6356 7.6130 7.6020 7.6306 7.6025 7.5969 7.5860 7.5820 7.5488 7.5430 7.5411 7.5533 7.5407 7.5322 1.4973 0.9112 0.8975 0.9672 0.9767 0.9835 0.9940 1.0048 0.9946 0.9922 0.9992 0.9971 0.9946 0.9832 0.9810 0.9860 -2.3740 -2.3199 -2.3988 -2.6349 -2.7271 -2.7292 -2.7382 -2.5787 -2.4555 -2.5368 -2.6078 -2.6670 -2.6571 -2.5423 -2.5554 -2.6129 0.2998 -4164740.7694 
-16.7323 3.9734 10.4897 0.1436 64.2260 0.0482 0.3187 7.6085 0.0064 1.0044 0.0101 -2.5008 0.0754 7.8003 7.8476 7.6331 7.6131 7.6020 7.6306 7.6023 7.5969 7.5860 7.5820 7.5488 7.5439 7.5411 7.5538 7.5407 7.5322 1.4973 0.9112 0.8919 0.9672 0.9767 0.9835 0.9940 1.0050 0.9946 0.9914 0.9992 0.9957 0.9946 0.9832 0.9810 0.9851 -2.3740 -2.3199 -2.3746 -2.6349 -2.7418 -2.7321 -2.7382 -2.5787 -2.4555 -2.5368 -2.6078 -2.6663 -2.6571 -2.5434 -2.5554 -2.6113 0.2982 -4164748.2374 
-16.7323 3.9734 10.4897 0.1436 64.2260 0.0482 0.3163 7.6069 0.0058 1.0032 0.0267 -2.4809 0.0722 7.8010 7.8485 7.6331 7.6116 7.6020 7.6306 7.6023 7.5969 7.5860 7.5820 7.5488 7.5439 7.5411 7.5538 7.5407 7.5325 1.4975 0.9171 0.8919 0.9672 0.9767 0.9835 0.9943 1.0050 0.9958 0.9914 0.9975 0.9957 0.9947 0.9832 0.9810 0.9850 -2.3838 -2.3199 -2.3746 -2.6210 -2.7418 -2.7321 -2.7382 -2.5787 -2.4543 -2.5274 -2.6078 -2.6663 -2.6571 -2.5434 -2.5554 -2.6087 0.2982 -4164747.4749 
-16.7323 3.9734 10.4897 0.1436 64.2260 0.0482 0.3163 7.6082 0.0046 1.0003 0.0139 -2.5114 0.1077 7.8007 7.8485 7.6331 7.6116 7.6020 7.6310 7.6023 7.5969 7.5860 7.5820 7.5488 7.5439 7.5419 7.5538 7.5407 7.5325 1.4975 0.9171 0.8983 0.9657 0.9767 0.9835 0.9943 1.0050 0.9958 0.9914 0.9975 0.9964 0.9947 0.9824 0.9802 0.9850 -2.3838 -2.3135 -2.3896 -2.6210 -2.7418 -2.7321 -2.7382 -2.5787 -2.4543 -2.5274 -2.5907 -2.6663 -2.6571 -2.5434 -2.5554 -2.6087 0.2982 -4164742.2508 
-16.8356 3.9734 10.4218 0.1436 64.2260 0.0478 0.3163 7.6078 0.0061 0.9972 0.0089 -2.4490 0.0419 7.8007 7.8488 7.6331 7.6127 7.6020 7.6309 7.6023 7.5960 7.5858 7.5820 7.5488 7.5439 7.5419 7.5538 7.5407 7.5325 1.4982 0.9120 0.8983 0.9657 0.9767 0.9835 0.9943 1.0050 0.9945 0.9914 0.9975 0.9964 0.9947 0.9824 0.9802 0.9850 -2.3838 -2.3135 -2.3948 -2.6210 -2.7418 -2.7321 -2.7382 -2.5787 -2.4512 -2.5274 -2.6066 -2.6663 -2.6524 -2.5434 -2.5558 -2.6087 0.2982 -4164738.4147 
-16.8356 3.9734 10.4218 0.1436 64.3103 0.0478 0.3163 7.6053 0.0072 1.0053 0.0143 -2.4967 0.0716 7.8007 7.8488 7.6333 7.6127 7.6019 7.6308 7.6023 7.5960 7.5858 7.5820 7.5499 7.5439 7.5419 7.5538 7.5408 7.5325 1.4982 0.9120 0.8983 0.9657 0.9770 0.9835 0.9943 1.0050 0.9945 0.9914 0.9975 0.9964 0.9939 0.9824 0.9801 0.9862 -2.3787 -2.3051 -2.3948 -2.6229 -2.7445 -2.7321 -2.7338 -2.5787 -2.4512 -2.5406 -2.6081 -2.6663 -2.6524 -2.5434 -2.5444 -2.6146 0.2952 -4164735.7514 
-16.8246 3.9734 10.5415 0.1436 64.3103 0.0478 0.3177 7.6073 0.0098 1.0068 0.0372 -2.5354 0.0555 7.8007 7.8491 7.6333 7.6127 7.6017 7.6308 7.6023 7.5964 7.5867 7.5820 7.5499 7.5438 7.5419 7.5538 7.5405 7.5335 1.4982 0.9120 0.8983 0.9657 0.9766 0.9835 0.9943 1.0050 0.9945 0.9914 0.9969 0.9964 0.9948 0.9824 0.9801 0.9862 -2.3787 -2.3051 -2.3948 -2.6229 -2.7445 -2.7321 -2.7338 -2.5787 -2.4512 -2.5406 -2.6081 -2.6663 -2.6524 -2.5508 -2.5444 -2.6146 0.2948 -4164738.1067 
-16.7476 3.9734 10.5415 0.1436 64.3103 0.0502 0.3177 7.6076 0.0051 1.0162 0.0253 -2.4914 0.0610 7.8007 7.8498 7.6362 7.6127 7.6019 7.6305 7.6023 7.5968 7.5867 7.5820 7.5499 7.5438 7.5419 7.5538 7.5405 7.5335 1.4982 0.9120 0.8917 0.9657 0.9766 0.9845 0.9947 1.0054 0.9945 0.9914 0.9969 0.9964 0.9945 0.9825 0.9801 0.9846 -2.3787 -2.3171 -2.3948 -2.6229 -2.7445 -2.7268 -2.7341 -2.5829 -2.4646 -2.5336 -2.6081 -2.6770 -2.6524 -2.5508 -2.5444 -2.6146 0.2948 -4164733.8259 
-16.7476 3.9734 10.5415 0.1436 64.3103 0.0502 0.3177 7.6065 0.0174 1.0084 0.0215 -2.5009 0.0553 7.8007 7.8498 7.6362 7.6127 7.6019 7.6295 7.6023 7.5967 7.5867 7.5820 7.5500 7.5438 7.5419 7.5529 7.5405 7.5335 1.4987 0.9023 0.8917 0.9671 0.9762 0.9843 0.9947 1.0054 0.9945 0.9917 0.9969 0.9964 0.9945 0.9825 0.9801 0.9842 -2.3787 -2.3136 -2.3938 -2.6229 -2.7369 -2.7101 -2.7341 -2.5729 -2.4646 -2.5336 -2.6081 -2.6770 -2.6524 -2.5508 -2.5444 -2.6080 0.2945 -4164737.6908 
-16.7476 3.9734 10.5415 0.1436 64.2187 0.0502 0.3177 7.6076 0.0063 1.0092 0.0236 -2.4910 0.0724 7.8007 7.8498 7.6362 7.6127 7.6014 7.6301 7.6023 7.5958 7.5863 7.5820 7.5500 7.5444 7.5419 7.5529 7.5405 7.5335 1.4987 0.9023 0.8917 0.9671 0.9762 0.9839 0.9938 1.0054 0.9945 0.9917 0.9976 0.9964 0.9941 0.9830 0.9801 0.9842 -2.3787 -2.3007 -2.3938 -2.6209 -2.7369 -2.7101 -2.7341 -2.5729 -2.4413 -2.5347 -2.6212 -2.6770 -2.6404 -2.5508 -2.5444 -2.6080 0.2953 -4164732.2505 
-16.7476 3.9734 10.5415 0.1436 64.2284 0.0502 0.3187 7.6077 0.0071 1.0022 0.0165 -2.5048 0.0812 7.8007 7.8498 7.6362 7.6127 7.6014 7.6311 7.6026 7.5958 7.5863 7.5822 7.5500 7.5444 7.5430 7.5529 7.5405 7.5335 1.4987 0.9105 0.8982 0.9671 0.9770 0.9839 0.9946 1.0054 0.9945 0.9917 0.9972 0.9970 0.9941 0.9831 0.9801 0.9842 -2.3787 -2.3007 -2.3688 -2.6151 -2.7369 -2.7158 -2.7432 -2.5729 -2.4413 -2.5347 -2.6212 -2.6666 -2.6404 -2.5400 -2.5444 -2.6163 0.2953 -4164738.1088 
-16.7985 3.9734 10.5415 0.1436 64.2284 0.0502 0.3187 7.6067 0.0095 1.0053 0.0130 -2.5037 0.0402 7.8002 7.8493 7.6362 7.6127 7.6017 7.6301 7.6022 7.5958 7.5863 7.5805 7.5500 7.5430 7.5430 7.5529 7.5405 7.5335 1.4987 0.9105 0.8880 0.9671 0.9770 0.9839 0.9946 1.0054 0.9945 0.9931 0.9969 0.9970 0.9931 0.9831 0.9801 0.9842 -2.3787 -2.3007 -2.3688 -2.6287 -2.7389 -2.7237 -2.7387 -2.5729 -2.4413 -2.5425 -2.6212 -2.6666 -2.6508 -2.5400 -2.5434 -2.6163 0.2951 -4164731.4522 
-16.7985 3.9734 10.5415 0.1436 64.2284 0.0503 0.3187 7.6082 0.0063 1.0053 0.0083 -2.5012 0.0847 7.8002 7.8493 7.6362 7.6127 7.6017 7.6301 7.6017 7.5958 7.5863 7.5805 7.5502 7.5435 7.5429 7.5519 7.5405 7.5340 1.4987 0.9170 0.8894 0.9671 0.9770 0.9839 0.9946 1.0054 0.9941 0.9931 0.9969 0.9970 0.9930 0.9844 0.9801 0.9842 -2.3787 -2.3007 -2.3688 -2.6287 -2.7389 -2.7253 -2.7387 -2.5625 -2.4413 -2.5342 -2.6212 -2.6666 -2.6356 -2.5396 -2.5434 -2.6163 0.2951 -4164730.4644 
-16.7902 3.9734 10.5415 0.1435 64.2284 0.0503 0.3190 7.6062 0.0074 1.0092 0.0156 -2.4812 0.0621 7.8002 7.8493 7.6371 7.6135 7.6017 7.6301 7.6019 7.5958 7.5863 7.5805 7.5502 7.5435 7.5429 7.5519 7.5405 7.5340 1.4987 0.9073 0.8894 0.9671 0.9773 0.9839 0.9946 1.0054 0.9941 0.9931 0.9969 0.9970 0.9926 0.9844 0.9806 0.9842 -2.3787 -2.3007 -2.3786 -2.6287 -2.7545 -2.7327 -2.7387 -2.5625 -2.4413 -2.5342 -2.6212 -2.6581 -2.6356 -2.5396 -2.5434 -2.6163 0.2951 -4164733.4648 
-16.7902 3.9734 10.6060 0.1435 64.2284 0.0503 0.3196 7.6074 0.0090 1.0106 0.0171 -2.4991 0.0447 7.8002 7.8490 7.6371 7.6135 7.6017 7.6301 7.6019 7.5958 7.5863 7.5803 7.5506 7.5435 7.5429 7.5509 7.5405 7.5340 1.4987 0.9053 0.8894 0.9669 0.9773 0.9847 0.9946 1.0054 0.9941 0.9931 0.9954 0.9970 0.9926 0.9844 0.9806 0.9845 -2.3787 -2.3007 -2.3786 -2.6287 -2.7545 -2.7327 -2.7316 -2.5625 -2.4413 -2.5342 -2.6212 -2.6581 -2.6485 -2.5396 -2.5434 -2.6146 0.2951 -4164739.3724 
-16.7902 3.9734 10.5997 0.1435 64.2284 0.0503 0.3196 7.6119 0.0079 1.0068 0.0114 -2.5019 0.0692 7.8002 7.8490 7.6368 7.6135 7.6017 7.6301 7.6019 7.5958 7.5863 7.5803 7.5518 7.5439 7.5429 7.5509 7.5405 7.5340 1.4946 0.9053 0.8894 0.9669 0.9773 0.9847 0.9946 1.0054 0.9941 0.9931 0.9952 0.9970 0.9926 0.9844 0.9806 0.9845 -2.3787 -2.3003 -2.3786 -2.6137 -2.7545 -2.7327 -2.7293 -2.5625 -2.4413 -2.5342 -2.6210 -2.6581 -2.6485 -2.5396 -2.5434 -2.6048 0.2951 -4164737.6996 
-16.7902 3.9858 10.5997 0.1435 64.2284 0.0503 0.3187 7.6081 0.0049 1.0068 0.0144 -2.4660 0.0568 7.8002 7.8492 7.6360 7.6135 7.6017 7.6301 7.6019 7.5958 7.5863 7.5803 7.5516 7.5439 7.5429 7.5516 7.5405 7.5340 1.4946 0.9053 0.8894 0.9669 0.9773 0.9847 0.9946 1.0054 0.9941 0.9931 0.9952 0.9964 0.9930 0.9844 0.9801 0.9833 -2.3742 -2.3003 -2.3840 -2.6137 -2.7528 -2.7327 -2.7356 -2.5625 -2.4413 -2.5342 -2.6210 -2.6673 -2.6557 -2.5396 -2.5434 -2.6108 0.2951 -4164732.6875 
-16.7902 3.9858 10.5997 0.1435 64.1970 0.0503 0.3177 7.6072 0.0048 1.0000 0.0115 -2.4865 0.1110 7.8002 7.8492 7.6367 7.6135 7.6017 7.6301 7.6019 7.5958 7.5863 7.5803 7.5516 7.5441 7.5429 7.5516 7.5405 7.5340 1.4984 0.9053 0.8888 0.9658 0.9788 0.9845 0.9946 1.0054 0.9941 0.9931 0.9952 0.9964 0.9930 0.9844 0.9801 0.9833 -2.3685 -2.3087 -2.3840 -2.6137 -2.7460 -2.7327 -2.7290 -2.5757 -2.4474 -2.5342 -2.6100 -2.6709 -2.6557 -2.5389 -2.5434 -2.6108 0.2961 -4164732.7482 
-16.7902 3.9858 10.5997 0.1435 64.1970 0.0493 0.3177 7.6082 0.0054 1.0058 0.0146 -2.5021 0.0868 7.8002 7.8490 7.6367 7.6129 7.5993 7.6301 7.6019 7.5958 7.5863 7.5803 7.5516 7.5441 7.5429 7.5516 7.5405 7.5340 1.4984 0.9053 0.8888 0.9658 0.9788 0.9846 0.9946 1.0054 0.9941 0.9931 0.9961 0.9964 0.9930 0.9840 0.9801 0.9828 -2.3685 -2.3087 -2.3840 -2.6260 -2.7460 -2.7321 -2.7290 -2.5757 -2.4595 -2.5367 -2.6170 -2.6709 -2.6462 -2.5483 -2.5434 -2.6067 0.2961 -4164724.8391 
-16.7902 3.9858 10.5997 0.1435 64.1970 0.0495 0.3177 7.6080 0.0064 1.0045 0.0104 -2.5001 0.1356 7.8002 7.8490 7.6367 7.6129 7.5993 7.6296 7.6019 7.5958 7.5863 7.5803 7.5516 7.5441 7.5429 7.5516 7.5405 7.5357 1.4984 0.9118 0.8888 0.9658 0.9788 0.9846 0.9946 1.0053 0.9941 0.9931 0.9963 0.9964 0.9930 0.9840 0.9801 0.9828 -2.3685 -2.3087 -2.3717 -2.6251 -2.7368 -2.7321 -2.7367 -2.5757 -2.4431 -2.5367 -2.6170 -2.6709 -2.6462 -2.5483 -2.5434 -2.6041 0.2961 -4164726.8794 
-16.7902 3.9858 10.4857 0.1432 64.1970 0.0482 0.3177 7.6107 0.0078 1.0056 0.0151 -2.4832 0.0369 7.8002 7.8490 7.6367 7.6129 7.5993 7.6296 7.6019 7.5958 7.5860 7.5803 7.5507 7.5435 7.5429 7.5516 7.5399 7.5357 1.4987 0.9118 0.8888 0.9670 0.9790 0.9836 0.9946 1.0050 0.9941 0.9931 0.9963 0.9964 0.9930 0.9851 0.9801 0.9828 -2.3819 -2.3087 -2.3683 -2.6251 -2.7368 -2.7321 -2.7345 -2.5757 -2.4431 -2.5367 -2.6130 -2.6656 -2.6462 -2.5483 -2.5425 -2.6032 0.2961 -4164726.7912 
-16.7902 4.0872 10.4857 0.1432 64.1293 0.0482 0.3167 7.6064 0.0060 1.0144 0.0171 -2.5025 0.0755 7.8002 7.8490 7.6367 7.6129 7.5993 7.6296 7.6019 7.5958 7.5860 7.5803 7.5507 7.5435 7.5429 7.5516 7.5399 7.5357 1.4987 0.9065 0.8888 0.9670 0.9807 0.9836 0.9950 1.0050 0.9941 0.9931 0.9963 0.9964 0.9930 0.9835 0.9811 0.9828 -2.3819 -2.3087 -2.3683 -2.6251 -2.7368 -2.7226 -2.7345 -2.5757 -2.4431 -2.5367 -2.6130 -2.6656 -2.6462 -2.5483 -2.5583 -2.6032 0.2961 -4164725.2811 
-16.7902 4.0872 10.4857 0.1432 64.1293 0.0482 0.3167 7.6099 0.0074 1.0040 0.0146 -2.4789 0.0455 7.7996 7.8490 7.6362 7.6129 7.5993 7.6294 7.6019 7.5958 7.5871 7.5803 7.5507 7.5435 7.5429 7.5516 7.5410 7.5357 1.4943 0.9065 0.8888 0.9680 0.9807 0.9836 0.9950 1.0050 0.9941 0.9937 0.9950 0.9964 0.9930 0.9835 0.9811 0.9825 -2.3868 -2.3087 -2.3683 -2.6251 -2.7368 -2.7226 -2.7345 -2.5630 -2.4431 -2.5384 -2.6045 -2.6656 -2.6462 -2.5544 -2.5583 -2.6167 0.2961 -4164725.2811 
-16.7902 4.0626 10.4213 0.1432 64.1293 0.0482 0.3167 7.6073 0.0034 1.0033 0.0200 -2.5176 0.0711 7.7996 7.8490 7.6362 7.6129 7.5985 7.6294 7.6019 7.5958 7.5871 7.5803 7.5507 7.5435 7.5422 7.5528 7.5408 7.5357 1.4946 0.9065 0.8888 0.9680 0.9807 0.9836 0.9946 1.0050 0.9941 0.9936 0.9950 0.9964 0.9930 0.9835 0.9811 0.9824 -2.3868 -2.3087 -2.3683 -2.6251 -2.7518 -2.7226 -2.7371 -2.5630 -2.4522 -2.5374 -2.6045 -2.6714 -2.6510 -2.5491 -2.5583 -2.6167 0.2961 -4164733.3183 
-16.7902 4.0626 10.4213 0.1432 64.1293 0.0482 0.3167 7.6074 0.0090 1.0051 0.0132 -2.4878 0.0517 7.8010 7.8490 7.6362 7.6129 7.5984 7.6294 7.6019 7.5958 7.5871 7.5803 7.5526 7.5435 7.5428 7.5528 7.5408 7.5357 1.4951 0.9123 0.8888 0.9680 0.9807 0.9836 0.9946 1.0062 0.9926 0.9936 0.9950 0.9964 0.9930 0.9835 0.9811 0.9824 -2.3699 -2.3224 -2.3852 -2.6251 -2.7518 -2.7226 -2.7429 -2.5770 -2.4522 -2.5374 -2.6118 -2.6714 -2.6510 -2.5550 -2.5583 -2.6167 0.2961 -4164729.4871 
-16.7902 4.0626 10.4213 0.1432 64.1504 0.0490 0.3167 7.6057 0.0070 1.0067 0.0114 -2.5141 0.0465 7.8010 7.8497 7.6362 7.6129 7.5984 7.6294 7.6019 7.5959 7.5872 7.5803 7.5526 7.5435 7.5428 7.5528 7.5408 7.5357 1.4951 0.9123 0.8888 0.9680 0.9807 0.9836 0.9946 1.0062 0.9926 0.9936 0.9933 0.9964 0.9930 0.9835 0.9790 0.9824 -2.3699 -2.3051 -2.3795 -2.6251 -2.7518 -2.7226 -2.7429 -2.5770 -2.4522 -2.5374 -2.6118 -2.6714 -2.6510 -2.5550 -2.5519 -2.6167 0.2964 -4164731.4840 
-16.7902 4.0626 10.4213 0.1432 64.1504 0.0486 0.3167 7.6086 0.0064 1.0051 0.0124 -2.4863 0.0439 7.8010 7.8496 7.6362 7.6129 7.5983 7.6294 7.6019 7.5959 7.5879 7.5803 7.5526 7.5433 7.5424 7.5528 7.5422 7.5357 1.4986 0.9123 0.8888 0.9680 0.9801 0.9834 0.9944 1.0066 0.9918 0.9931 0.9952 0.9964 0.9934 0.9835 0.9790 0.9825 -2.3699 -2.3051 -2.3795 -2.6251 -2.7353 -2.7226 -2.7336 -2.5770 -2.4522 -2.5397 -2.6118 -2.6795 -2.6510 -2.5538 -2.5519 -2.6040 0.2972 -4164728.9831 
-16.7902 4.0626 10.4213 0.1432 64.1504 0.0486 0.3167 7.6098 0.0061 1.0024 0.0183 -2.4867 0.0667 7.7999 7.8496 7.6362 7.6129 7.5995 7.6294 7.6019 7.5959 7.5890 7.5803 7.5526 7.5433 7.5423 7.5528 7.5416 7.5357 1.4986 0.9123 0.8888 0.9664 0.9801 0.9838 0.9944 1.0061 0.9918 0.9942 0.9952 0.9964 0.9934 0.9835 0.9798 0.9825 -2.3699 -2.3024 -2.3792 -2.6207 -2.7536 -2.7226 -2.7336 -2.5770 -2.4522 -2.5397 -2.6056 -2.6765 -2.6510 -2.5538 -2.5519 -2.6040 0.2972 -4164728.0048 
-16.7902 4.0626 10.4213 0.1432 64.1504 0.0489 0.3167 7.6073 0.0151 0.9990 0.0261 -2.5157 0.0456 7.7999 7.8488 7.6362 7.6129 7.5989 7.6295 7.6020 7.5959 7.5884 7.5803 7.5526 7.5433 7.5423 7.5527 7.5416 7.5357 1.4986 0.9046 0.8888 0.9683 0.9801 0.9838 0.9944 1.0056 0.9918 0.9942 0.9952 0.9964 0.9934 0.9838 0.9798 0.9824 -2.3699 -2.3067 -2.3792 -2.6127 -2.7536 -2.7175 -2.7336 -2.5770 -2.4522 -2.5397 -2.6056 -2.6674 -2.6510 -2.5538 -2.5424 -2.6040 0.2966 -4164728.0048 
-16.7902 4.0626 10.4213 0.1437 64.1029 0.0489 0.3174 7.6045 0.0045 1.0095 0.0261 -2.4972 0.0657 7.7999 7.8488 7.6362 7.6110 7.5989 7.6295 7.6020 7.5964 7.5884 7.5797 7.5505 7.5439 7.5436 7.5527 7.5410 7.5361 1.4986 0.9124 0.8888 0.9683 0.9801 0.9838 0.9944 1.0049 0.9918 0.9942 0.9952 0.9964 0.9935 0.9838 0.9798 0.9824 -2.3699 -2.3067 -2.3792 -2.6127 -2.7536 -2.7175 -2.7336 -2.5694 -2.4522 -2.5397 -2.5975 -2.6674 -2.6510 -2.5538 -2.5532 -2.6040 0.2960 -4164727.9943 
-16.7902 4.0626 10.4213 0.1437 64.1029 0.0489 0.3174 7.6073 0.0037 1.0039 0.0131 -2.4835 0.0462 7.8004 7.8488 7.6362 7.6110 7.5981 7.6295 7.6020 7.5964 7.5884 7.5810 7.5505 7.5439 7.5419 7.5525 7.5410 7.5341 1.4986 0.9004 0.8888 0.9685 0.9807 0.9842 0.9942 1.0049 0.9941 0.9939 0.9952 0.9964 0.9946 0.9838 0.9811 0.9834 -2.3699 -2.3067 -2.3870 -2.6127 -2.7536 -2.7202 -2.7398 -2.5632 -2.4556 -2.5397 -2.5975 -2.6632 -2.6510 -2.5538 -2.5532 -2.6040 0.2960 -4164727.3143 
-16.7902 4.0626 10.4540 0.1437 64.1029 0.0489 0.3190 7.6073 0.0084 1.0088 0.0134 -2.4982 0.0640 7.8006 7.8502 7.6362 7.6110 7.5981 7.6297 7.6020 7.5964 7.5884 7.5814 7.5505 7.5439 7.5419 7.5525 7.5410 7.5341 1.4989 0.9004 0.8888 0.9685 0.9807 0.9843 0.9942 1.0049 0.9941 0.9930 0.9952 0.9964 0.9946 0.9838 0.9811 0.9834 -2.3746 -2.3067 -2.3870 -2.6127 -2.7536 -2.7202 -2.7329 -2.5632 -2.4556 -2.5397 -2.6026 -2.6642 -2.6510 -2.5525 -2.5532 -2.6040 0.2956 -4164727.7739 
-16.8120 4.0626 10.4540 0.1431 64.1029 0.0489 0.3190 7.6107 0.0045 0.9997 0.0112 -2.5131 0.0528 7.8006 7.8500 7.6362 7.6110 7.5981 7.6297 7.6020 7.5964 7.5861 7.5814 7.5505 7.5439 7.5419 7.5525 7.5410 7.5341 1.4989 0.9066 0.8888 0.9685 0.9807 0.9843 0.9940 1.0049 0.9948 0.9930 0.9952 0.9964 0.9946 0.9838 0.9805 0.9834 -2.3746 -2.3067 -2.3870 -2.6127 -2.7536 -2.7202 -2.7329 -2.5632 -2.4611 -2.5397 -2.6026 -2.6642 -2.6510 -2.5525 -2.5532 -2.6040 0.2947 -4164725.4287 
-16.7944 4.0626 10.4536 0.1431 64.1029 0.0486 0.3190 7.6091 0.0062 1.0027 0.0091 -2.5049 0.0603 7.8006 7.8500 7.6336 7.6110 7.5981 7.6300 7.6031 7.5964 7.5861 7.5814 7.5510 7.5440 7.5419 7.5525 7.5410 7.5341 1.4966 0.9066 0.8888 0.9701 0.9807 0.9847 0.9930 1.0053 0.9948 0.9930 0.9973 0.9964 0.9941 0.9838 0.9805 0.9834 -2.3746 -2.3118 -2.3870 -2.6127 -2.7536 -2.7202 -2.7329 -2.5593 -2.4654 -2.5397 -2.6026 -2.6611 -2.6515 -2.5525 -2.5532 -2.6040 0.2947 -4164725.6726 
-16.7944 4.0626 10.4536 0.1431 64.1029 0.0500 0.3190 7.6077 0.0073 1.0061 0.0126 -2.4999 0.0465 7.8006 7.8500 7.6336 7.6110 7.5981 7.6297 7.6029 7.5955 7.5861 7.5809 7.5510 7.5434 7.5419 7.5525 7.5411 7.5341 1.4986 0.9066 0.9059 0.9672 0.9807 0.9842 0.9930 1.0053 0.9948 0.9930 0.9973 0.9962 0.9941 0.9838 0.9805 0.9831 -2.3830 -2.3200 -2.3870 -2.6239 -2.7453 -2.7202 -2.7329 -2.5593 -2.4690 -2.5397 -2.6063 -2.6611 -2.6515 -2.5498 -2.5478 -2.6089 0.2947 -4164736.9049 
-16.7944 4.0626 10.4536 0.1431 64.1029 0.0495 0.3190 7.6074 0.0061 1.0056 0.0236 -2.4988 0.0609 7.8006 7.8500 7.6336 7.6110 7.5986 7.6297 7.6029 7.5955 7.5861 7.5809 7.5510 7.5434 7.5419 7.5526 7.5409 7.5341 1.4986 0.9066 0.9045 0.9672 0.9807 0.9856 0.9928 1.0053 0.9948 0.9930 0.9970 0.9962 0.9941 0.9838 0.9805 0.9831 -2.3678 -2.3200 -2.3792 -2.6197 -2.7453 -2.7371 -2.7329 -2.5706 -2.4542 -2.5397 -2.6063 -2.6611 -2.6515 -2.5498 -2.5478 -2.6089 0.2947 -4164739.5214 
-16.7944 4.0626 10.4536 0.1431 64.1029 0.0495 0.3175 7.6089 0.0061 0.9984 0.0187 -2.5002 0.0955 7.8006 7.8490 7.6345 7.6120 7.5986 7.6297 7.6029 7.5955 7.5867 7.5809 7.5510 7.5439 7.5428 7.5526 7.5409 7.5345 1.4986 0.9013 0.9045 0.9672 0.9807 0.9856 0.9928 1.0053 0.9948 0.9930 0.9973 0.9965 0.9941 0.9838 0.9805 0.9831 -2.3872 -2.3200 -2.3792 -2.6197 -2.7453 -2.7371 -2.7329 -2.5706 -2.4542 -2.5397 -2.6063 -2.6611 -2.6515 -2.5574 -2.5576 -2.6089 0.2945 -4164736.8966 
-16.7944 4.0626 10.4536 0.1431 64.1029 0.0495 0.3175 7.6069 0.0056 1.0116 0.0139 -2.5255 0.0631 7.8006 7.8490 7.6345 7.6126 7.5986 7.6297 7.6037 7.5958 7.5867 7.5809 7.5510 7.5439 7.5426 7.5526 7.5407 7.5350 1.4962 0.9201 0.9045 0.9672 0.9807 0.9855 0.9925 1.0050 0.9948 0.9939 0.9973 0.9965 0.9941 0.9839 0.9805 0.9831 -2.3850 -2.3200 -2.3865 -2.6197 -2.7453 -2.7371 -2.7329 -2.5706 -2.4542 -2.5346 -2.6063 -2.6611 -2.6515 -2.5574 -2.5576 -2.6089 0.2939 -4164736.8106 
-16.7883 4.1654 10.4536 0.1431 64.1029 0.0477 0.3175 7.6055 0.0073 1.0080 0.0191 -2.4697 0.0488 7.8006 7.8490 7.6345 7.6126 7.5986 7.6285 7.6037 7.5958 7.5867 7.5811 7.5503 7.5439 7.5429 7.5526 7.5397 7.5350 1.4997 0.9201 0.9045 0.9672 0.9807 0.9855 0.9925 1.0050 0.9941 0.9938 0.9960 0.9965 0.9941 0.9830 0.9805 0.9831 -2.3850 -2.3201 -2.3865 -2.6197 -2.7453 -2.7371 -2.7329 -2.5706 -2.4542 -2.5349 -2.6056 -2.6611 -2.6515 -2.5574 -2.5576 -2.6089 0.2939 -4164736.3152 
-16.7883 4.1654 10.4536 0.1431 64.1405 0.0477 0.3175 7.6068 0.0062 1.0055 0.0155 -2.4898 0.1120 7.8006 7.8490 7.6336 7.6132 7.5986 7.6285 7.6029 7.5958 7.5882 7.5811 7.5503 7.5439 7.5417 7.5526 7.5408 7.5350 1.4997 0.9201 0.8900 0.9680 0.9807 0.9869 0.9925 1.0050 0.9922 0.9928 0.9968 0.9965 0.9949 0.9830 0.9805 0.9830 -2.3851 -2.3201 -2.3865 -2.6197 -2.7453 -2.7371 -2.7329 -2.5710 -2.4542 -2.5349 -2.6056 -2.6757 -2.6515 -2.5574 -2.5576 -2.6089 0.2971 -4164736.6732 
-16.8137 4.1654 10.4536 0.1462 64.1405 0.0478 0.3175 7.6073 0.0037 1.0022 0.0221 -2.4860 0.0394 7.8011 7.8480 7.6336 7.6132 7.5986 7.6283 7.6029 7.5958 7.5875 7.5811 7.5503 7.5439 7.5417 7.5531 7.5408 7.5347 1.4997 0.9201 0.9027 0.9680 0.9807 0.9869 0.9925 1.0050 0.9922 0.9928 0.9968 0.9965 0.9946 0.9830 0.9805 0.9830 -2.3805 -2.3164 -2.3865 -2.6197 -2.7453 -2.7371 -2.7329 -2.5710 -2.4513 -2.5349 -2.6056 -2.6827 -2.6515 -2.5483 -2.5576 -2.6119 0.2971 -4164738.5115 
-16.8137 4.1654 10.4536 0.1462 64.1405 0.0478 0.3175 7.6063 0.0051 1.0093 0.0108 -2.4788 0.0576 7.8011 7.8480 7.6336 7.6108 7.5986 7.6283 7.6029 7.5958 7.5882 7.5822 7.5508 7.5438 7.5417 7.5531 7.5408 7.5347 1.4997 0.9201 0.8967 0.9680 0.9807 0.9869 0.9925 1.0050 0.9922 0.9928 0.9954 0.9965 0.9943 0.9830 0.9805 0.9830 -2.3805 -2.3101 -2.3857 -2.6197 -2.7453 -2.7371 -2.7329 -2.5710 -2.4513 -2.5401 -2.6056 -2.6649 -2.6515 -2.5483 -2.5576 -2.6119 0.2969 -4164735.9138 
-16.8137 4.2932 10.4536 0.1459 64.1858 0.0478 0.3175 7.6076 0.0035 1.0094 0.0170 -2.4889 0.0693 7.8003 7.8483 7.6349 7.6108 7.5986 7.6283 7.6029 7.5958 7.5891 7.5822 7.5525 7.5438 7.5421 7.5531 7.5408 7.5347 1.4997 0.9282 0.8967 0.9680 0.9807 0.9870 0.9926 1.0050 0.9922 0.9928 0.9951 0.9965 0.9943 0.9830 0.9810 0.9830 -2.3805 -2.3086 -2.3879 -2.6197 -2.7453 -2.7371 -2.7329 -2.5710 -2.4513 -2.5401 -2.6029 -2.6649 -2.6542 -2.5483 -2.5576 -2.6119 0.2984 -4164730.7901 
-16.8191 4.2876 10.4536 0.1453 64.1858 0.0472 0.3175 7.6075 0.0053 1.0060 0.0162 -2.4781 0.0534 7.8003 7.8483 7.6349 7.6112 7.5986 7.6283 7.6034 7.5958 7.5891 7.5796 7.5525 7.5438 7.5421 7.5531 7.5391 7.5347 1.4997 0.9258 0.8967 0.9680 0.9807 0.9870 0.9925 1.0050 0.9922 0.9926 0.9951 0.9965 0.9948 0.9830 0.9810 0.9830 -2.3805 -2.3086 -2.3879 -2.6197 -2.7453 -2.7370 -2.7302 -2.5710 -2.4513 -2.5401 -2.6147 -2.6649 -2.6542 -2.5483 -2.5485 -2.6105 0.2977 -4164730.7159 
-16.8191 4.2876 10.4536 0.1452 64.1858 0.0468 0.3175 7.6082 0.0043 1.0071 0.0234 -2.4869 0.0476 7.8003 7.8483 7.6349 7.6112 7.5986 7.6283 7.6034 7.5958 7.5891 7.5808 7.5525 7.5438 7.5421 7.5530 7.5398 7.5347 1.4989 0.9176 0.8967 0.9680 0.9807 0.9870 0.9925 1.0050 0.9922 0.9926 0.9949 0.9965 0.9948 0.9830 0.9810 0.9823 -2.3805 -2.3086 -2.3879 -2.6197 -2.7453 -2.7356 -2.7302 -2.5696 -2.4513 -2.5326 -2.6108 -2.6649 -2.6542 -2.5483 -2.5494 -2.6105 0.2977 -4164727.8489 
-16.8312 4.2876 10.4536 0.1452 64.1186 0.0468 0.3175 7.6074 0.0053 1.0059 0.0155 -2.5073 0.0540 7.8003 7.8483 7.6349 7.6112 7.5986 7.6283 7.6038 7.5958 7.5891 7.5803 7.5525 7.5438 7.5418 7.5530 7.5412 7.5347 1.4989 0.9176 0.8967 0.9680 0.9807 0.9869 0.9925 1.0050 0.9922 0.9926 0.9944 0.9965 0.9947 0.9830 0.9791 0.9823 -2.3841 -2.3086 -2.3879 -2.6175 -2.7417 -2.7264 -2.7302 -2.5696 -2.4513 -2.5253 -2.6108 -2.6647 -2.6542 -2.5483 -2.5494 -2.6105 0.2977 -4164723.9628 
-16.8312 4.2876 10.4675 0.1451 64.1186 0.0468 0.3175 7.6083 0.0067 1.0055 0.0208 -2.4877 0.0494 7.8003 7.8483 7.6360 7.6112 7.5986 7.6276 7.6038 7.5972 7.5893 7.5802 7.5524 7.5438 7.5421 7.5536 7.5430 7.5357 1.4989 0.9176 0.8967 0.9696 0.9803 0.9869 0.9925 1.0050 0.9912 0.9929 0.9944 0.9965 0.9947 0.9809 0.9791 0.9822 -2.3752 -2.3086 -2.3879 -2.6175 -2.7417 -2.7264 -2.7384 -2.5696 -2.4513 -2.5253 -2.6108 -2.6647 -2.6542 -2.5483 -2.5494 -2.6105 0.2972 -4164724.4641 
-16.8312 4.2876 10.4675 0.1451 64.1186 0.0468 0.3175 7.6080 0.0094 1.0069 0.0233 -2.5092 0.0600 7.8003 7.8483 7.6360 7.6112 7.5986 7.6282 7.6038 7.5963 7.5887 7.5802 7.5524 7.5438 7.5421 7.5536 7.5430 7.5357 1.4989 0.8953 0.8967 0.9696 0.9803 0.9869 0.9925 1.0050 0.9912 0.9913 0.9944 0.9962 0.9947 0.9809 0.9791 0.9822 -2.3752 -2.3086 -2.3879 -2.6175 -2.7422 -2.7237 -2.7384 -2.5696 -2.4513 -2.5253 -2.6108 -2.6647 -2.6542 -2.5483 -2.5494 -2.6099 0.2972 -4164729.9270 
-16.8312 4.2876 10.4675 0.1451 64.1186 0.0468 0.3162 7.6089 0.0086 1.0061 0.0231 -2.4928 0.0649 7.8005 7.8487 7.6355 7.6112 7.5982 7.6282 7.6036 7.5963 7.5887 7.5802 7.5524 7.5438 7.5421 7.5536 7.5430 7.5360 1.4972 0.8953 0.8967 0.9696 0.9803 0.9869 0.9925 1.0050 0.9914 0.9908 0.9944 0.9955 0.9947 0.9820 0.9791 0.9828 -2.3748 -2.3086 -2.3879 -2.6175 -2.7422 -2.7237 -2.7384 -2.5696 -2.4513 -2.5269 -2.6159 -2.6647 -2.6542 -2.5483 -2.5528 -2.6099 0.2972 -4164733.2570 
-16.9179 4.2876 10.4675 0.1451 64.1186 0.0468 0.3162 7.6113 0.0040 1.0016 0.0106 -2.5035 0.0675 7.8005 7.8488 7.6355 7.6117 7.5982 7.6282 7.6036 7.5963 7.5887 7.5840 7.5524 7.5450 7.5421 7.5536 7.5419 7.5360 1.4972 0.8953 0.8967 0.9661 0.9798 0.9857 0.9924 1.0050 0.9932 0.9908 0.9944 0.9955 0.9947 0.9824 0.9791 0.9828 -2.3735 -2.3086 -2.3879 -2.6120 -2.7422 -2.7225 -2.7324 -2.5696 -2.4513 -2.5437 -2.5986 -2.6647 -2.6509 -2.5483 -2.5528 -2.6099 0.2972 -4164731.3798 
-16.9179 4.2876 10.4675 0.1435 63.9768 0.0468 0.3152 7.6095 0.0099 1.0064 0.0200 -2.4730 0.0369 7.8005 7.8488 7.6357 7.6126 7.5982 7.6282 7.6036 7.5963 7.5884 7.5838 7.5524 7.5441 7.5415 7.5536 7.5419 7.5360 1.4972 0.9087 0.8967 0.9661 0.9806 0.9855 0.9924 1.0050 0.9932 0.9908 0.9955 0.9957 0.9947 0.9824 0.9799 0.9828 -2.3735 -2.3086 -2.3879 -2.6239 -2.7422 -2.7225 -2.7324 -2.5696 -2.4401 -2.5437 -2.5986 -2.6647 -2.6509 -2.5483 -2.5528 -2.6099 0.2972 -4164728.6292 
-16.9179 4.2876 10.4504 0.1435 63.9768 0.0468 0.3152 7.6122 0.0103 1.0047 0.0115 -2.4895 0.0899 7.8005 7.8488 7.6361 7.6126 7.5980 7.6300 7.6036 7.5970 7.5884 7.5838 7.5516 7.5445 7.5415 7.5536 7.5419 7.5360 1.4972 0.9167 0.8967 0.9661 0.9806 0.9855 0.9924 1.0050 0.9923 0.9908 0.9955 0.9950 0.9947 0.9824 0.9800 0.9828 -2.3834 -2.3086 -2.3724 -2.6033 -2.7422 -2.7225 -2.7416 -2.5696 -2.4567 -2.5422 -2.5986 -2.6647 -2.6509 -2.5483 -2.5528 -2.6099 0.2972 -4164732.5091 
-16.9179 4.2876 10.4504 0.1423 63.9768 0.0468 0.3152 7.6078 0.0089 1.0061 0.0098 -2.5008 0.0381 7.8005 7.8498 7.6361 7.6116 7.5980 7.6300 7.6036 7.5970 7.5884 7.5838 7.5516 7.5453 7.5415 7.5538 7.5400 7.5339 1.4972 0.9167 0.8967 0.9661 0.9806 0.9855 0.9923 1.0048 0.9914 0.9908 0.9955 0.9939 0.9947 0.9822 0.9817 0.9828 -2.3834 -2.3145 -2.3830 -2.6033 -2.7509 -2.7151 -2.7416 -2.5696 -2.4509 -2.5259 -2.6131 -2.6693 -2.6509 -2.5483 -2.5528 -2.6138 0.2971 -4164734.3854 
-16.9476 4.2876 10.4504 0.1423 63.9768 0.0472 0.3152 7.6088 0.0063 1.0040 0.0106 -2.4855 0.0750 7.8005 7.8498 7.6361 7.6116 7.5980 7.6300 7.6036 7.5970 7.5884 7.5838 7.5516 7.5459 7.5417 7.5538 7.5400 7.5354 1.4991 0.9167 0.8914 0.9670 0.9806 0.9855 0.9923 1.0048 0.9914 0.9908 0.9955 0.9939 0.9947 0.9832 0.9811 0.9827 -2.3834 -2.3112 -2.3830 -2.6033 -2.7509 -2.7228 -2.7413 -2.5696 -2.4509 -2.5259 -2.6131 -2.6693 -2.6509 -2.5483 -2.5528 -2.6056 0.2971 -4164730.4748 
-16.9476 4.2876 10.4504 0.1423 63.9768 0.0472 0.3152 7.6095 0.0236 1.0053 0.0160 -2.4916 0.0669 7.8005 7.8497 7.6371 7.6116 7.5980 7.6300 7.6037 7.5967 7.5884 7.5822 7.5516 7.5461 7.5417 7.5538 7.5399 7.5354 1.4975 0.9152 0.8908 0.9670 0.9806 0.9855 0.9923 1.0048 0.9914 0.9908 0.9955 0.9935 0.9947 0.9832 0.9811 0.9827 -2.3702 -2.3112 -2.3830 -2.6021 -2.7509 -2.7228 -2.7347 -2.5696 -2.4509 -2.5259 -2.6131 -2.6693 -2.6509 -2.5483 -2.5528 -2.5998 0.2971 -4164730.4748 
-16.9565 4.2876 10.4504 0.1423 63.9768 0.0472 0.3152 7.6121 0.0057 1.0070 0.0194 -2.5053 0.0544 7.8005 7.8493 7.6351 7.6120 7.5980 7.6285 7.6037 7.5966 7.5884 7.5822 7.5519 7.5461 7.5417 7.5532 7.5399 7.5359 1.4975 0.9100 0.8908 0.9679 0.9806 0.9855 0.9928 1.0048 0.9914 0.9908 0.9955 0.9935 0.9951 0.9832 0.9811 0.9827 -2.3702 -2.3112 -2.3830 -2.6328 -2.7509 -2.7184 -2.7347 -2.5696 -2.4509 -2.5259 -2.6131 -2.6683 -2.6435 -2.5432 -2.5528 -2.5998 0.2971 -4164727.2301 
-16.9565 4.2876 10.4504 0.1423 63.9411 0.0472 0.3152 7.6117 0.0044 0.9984 0.0187 -2.5059 0.0491 7.8005 7.8496 7.6376 7.6120 7.5979 7.6285 7.6037 7.5959 7.5884 7.5822 7.5519 7.5461 7.5417 7.5518 7.5394 7.5359 1.4975 0.9100 0.8908 0.9679 0.9806 0.9854 0.9928 1.0048 0.9914 0.9908 0.9957 0.9935 0.9946 0.9832 0.9811 0.9827 -2.3702 -2.3112 -2.3830 -2.6152 -2.7510 -2.7183 -2.7347 -2.5696 -2.4509 -2.5301 -2.6131 -2.6704 -2.6435 -2.5432 -2.5542 -2.6113 0.2962 -4164728.3149 
-16.9565 4.2876 10.5707 0.1423 63.9411 0.0472 0.3152 7.6074 0.0089 1.0057 0.0114 -2.4868 0.0746 7.8001 7.8496 7.6376 7.6120 7.5979 7.6289 7.6037 7.5959 7.5884 7.5822 7.5506 7.5461 7.5417 7.5536 7.5394 7.5359 1.4975 0.9100 0.8908 0.9679 0.9806 0.9854 0.9928 1.0049 0.9914 0.9908 0.9974 0.9935 0.9946 0.9832 0.9811 0.9827 -2.3750 -2.3112 -2.3830 -2.6152 -2.7510 -2.7187 -2.7347 -2.5696 -2.4509 -2.5416 -2.6166 -2.6704 -2.6435 -2.5432 -2.5542 -2.6113 0.2965 -4164727.3719 
-16.9565 4.2970 10.5707 0.1423 63.9411 0.0472 0.3152 7.6102 0.0077 1.0066 0.0241 -2.4854 0.0996 7.8004 7.8496 7.6376 7.6120 7.5979 7.6280 7.6037 7.5959 7.5884 7.5822 7.5500 7.5461 7.5417 7.5536 7.5398 7.5359 1.4975 0.9100 0.8908 0.9679 0.9806 0.9854 0.9928 1.0049 0.9911 0.9908 0.9968 0.9953 0.9946 0.9832 0.9806 0.9827 -2.3750 -2.3136 -2.3830 -2.6152 -2.7481 -2.7187 -2.7347 -2.5696 -2.4395 -2.5416 -2.6166 -2.6675 -2.6435 -2.5432 -2.5542 -2.6113 0.2965 -4164730.2759 
-16.9565 4.2970 10.5707 0.1423 63.9411 0.0472 0.3152 7.6079 0.0059 1.0144 0.0180 -2.5295 0.0777 7.8004 7.8496 7.6376 7.6120 7.5979 7.6280 7.6037 7.5959 7.5884 7.5822 7.5500 7.5446 7.5417 7.5536 7.5398 7.5359 1.4981 0.9100 0.8908 0.9685 0.9806 0.9859 0.9936 1.0049 0.9911 0.9908 0.9968 0.9953 0.9946 0.9832 0.9806 0.9809 -2.3750 -2.3136 -2.3830 -2.6166 -2.7481 -2.7212 -2.7347 -2.5622 -2.4514 -2.5416 -2.6028 -2.6675 -2.6435 -2.5432 -2.5542 -2.6062 0.2963 -4164728.6724 
-16.9565 4.3134 10.5707 0.1423 63.9411 0.0472 0.3152 7.6075 0.0107 1.0099 0.0167 -2.4880 0.0549 7.8004 7.8496 7.6376 7.6116 7.5979 7.6280 7.6036 7.5961 7.5884 7.5822 7.5500 7.5446 7.5417 7.5536 7.5398 7.5359 1.4980 0.9100 0.8919 0.9685 0.9806 0.9859 0.9932 1.0049 0.9928 0.9908 0.9968 0.9953 0.9946 0.9832 0.9806 0.9819 -2.3843 -2.3082 -2.3830 -2.6166 -2.7481 -2.7212 -2.7464 -2.5692 -2.4514 -2.5416 -2.6028 -2.6663 -2.6435 -2.5369 -2.5542 -2.6058 0.2963 -4164725.8606 
-16.9565 4.3134 10.5707 0.1423 63.9411 0.0472 0.3152 7.6042 0.0090 1.0072 0.0166 -2.4674 0.0587 7.8004 7.8507 7.6375 7.6115 7.5979 7.6280 7.6036 7.5972 7.5885 7.5822 7.5500 7.5454 7.5417 7.5536 7.5401 7.5346 1.4980 0.9100 0.8905 0.9672 0.9808 0.9859 0.9939 1.0031 0.9928 0.9893 0.9968 0.9953 0.9946 0.9832 0.9806 0.9819 -2.3843 -2.3082 -2.3830 -2.6166 -2.7364 -2.7212 -2.7452 -2.5692 -2.4489 -2.5416 -2.6037 -2.6657 -2.6435 -2.5424 -2.5542 -2.6058 0.2968 -4164729.1032 
-16.9565 4.3134 10.5707 0.1423 63.9411 0.0472 0.3152 7.6070 0.0100 1.0047 0.0163 -2.4618 0.0599 7.8000 7.8507 7.6375 7.6115 7.5981 7.6276 7.6036 7.5972 7.5885 7.5822 7.5500 7.5454 7.5417 7.5526 7.5401 7.5346 1.4980 0.9100 0.8905 0.9681 0.9803 0.9859 0.9939 1.0031 0.9930 0.9893 0.9968 0.9953 0.9946 0.9832 0.9806 0.9819 -2.3758 -2.3104 -2.3830 -2.6271 -2.7429 -2.7212 -2.7447 -2.5692 -2.4489 -2.5416 -2.6022 -2.6657 -2.6543 -2.5424 -2.5460 -2.6084 0.2968 -4164736.3392 
-16.9932 4.3134 10.5707 0.1423 63.9411 0.0472 0.3167 7.6089 0.0065 1.0026 0.0091 -2.4776 0.0290 7.8000 7.8488 7.6375 7.6115 7.5981 7.6286 7.6027 7.5972 7.5894 7.5831 7.5500 7.5454 7.5417 7.5526 7.5401 7.5355 1.4976 0.9100 0.8905 0.9681 0.9805 0.9859 0.9939 1.0050 0.9916 0.9893 0.9968 0.9944 0.9946 0.9832 0.9806 0.9819 -2.3772 -2.3104 -2.3830 -2.6271 -2.7429 -2.7212 -2.7447 -2.5692 -2.4541 -2.5416 -2.6022 -2.6657 -2.6543 -2.5424 -2.5459 -2.6111 0.2967 -4164727.2043 
-16.9932 4.3134 10.5707 0.1422 63.9411 0.0468 0.3167 7.6067 0.0042 1.0038 0.0165 -2.4893 0.0632 7.7997 7.8488 7.6375 7.6117 7.5981 7.6286 7.6027 7.5955 7.5882 7.5831 7.5500 7.5454 7.5417 7.5526 7.5401 7.5361 1.4964 0.9134 0.8905 0.9681 0.9814 0.9859 0.9939 1.0060 0.9916 0.9893 0.9970 0.9944 0.9946 0.9832 0.9806 0.9819 -2.3751 -2.3104 -2.3830 -2.6271 -2.7429 -2.7219 -2.7432 -2.5692 -2.4541 -2.5416 -2.6062 -2.6657 -2.6543 -2.5452 -2.5403 -2.5979 0.2967 -4164723.3676 
-16.9932 4.3134 10.5707 0.1422 63.9411 0.0468 0.3167 7.6086 0.0072 0.9998 0.0179 -2.5071 0.0383 7.7997 7.8488 7.6378 7.6118 7.5981 7.6286 7.6018 7.5954 7.5882 7.5837 7.5500 7.5456 7.5417 7.5526 7.5401 7.5361 1.4964 0.9134 0.8905 0.9681 0.9818 0.9859 0.9939 1.0060 0.9917 0.9893 0.9970 0.9944 0.9946 0.9832 0.9806 0.9820 -2.3751 -2.3104 -2.3830 -2.6271 -2.7429 -2.7219 -2.7432 -2.5692 -2.4541 -2.5416 -2.6062 -2.6657 -2.6543 -2.5415 -2.5632 -2.5979 0.2967 -4164725.4506 
-17.0214 4.3134 10.5707 0.1422 63.9411 0.0468 0.3167 7.6091 0.0065 0.9999 0.0162 -2.4877 0.0506 7.7997 7.8488 7.6378 7.6118 7.5981 7.6286 7.6026 7.5955 7.5882 7.5837 7.5500 7.5456 7.5417 7.5526 7.5401 7.5350 1.4964 0.9134 0.8946 0.9681 0.9818 0.9859 0.9939 1.0062 0.9917 0.9893 0.9970 0.9944 0.9946 0.9832 0.9806 0.9820 -2.3751 -2.3104 -2.3830 -2.6271 -2.7437 -2.7219 -2.7432 -2.5692 -2.4541 -2.5416 -2.6062 -2.6707 -2.6543 -2.5458 -2.5557 -2.5979 0.2967 -4164723.2763 
-17.0214 4.4684 10.5817 0.1422 63.9411 0.0468 0.3177 7.6059 0.0043 1.0047 0.0167 -2.4925 0.1015 7.7997 7.8490 7.6378 7.6118 7.5981 7.6287 7.6026 7.5953 7.5883 7.5830 7.5500 7.5456 7.5417 7.5523 7.5406 7.5350 1.4955 0.9134 0.8946 0.9696 0.9821 0.9859 0.9939 1.0066 0.9933 0.9904 0.9970 0.9944 0.9946 0.9849 0.9805 0.9820 -2.3751 -2.3104 -2.3830 -2.6271 -2.7437 -2.7219 -2.7414 -2.5692 -2.4541 -2.5416 -2.6062 -2.6707 -2.6483 -2.5458 -2.5557 -2.5979 0.2947 -4164723.2763 
-17.0214 4.4684 10.5817 0.1422 63.9411 0.0468 0.3168 7.6074 0.0050 1.0080 0.0103 -2.4613 0.0342 7.7997 7.8497 7.6378 7.6118 7.5972 7.6287 7.6026 7.5953 7.5872 7.5830 7.5500 7.5456 7.5417 7.5510 7.5403 7.5350 1.4955 0.9134 0.8946 0.9692 0.9825 0.9859 0.9939 1.0061 0.9933 0.9904 0.9970 0.9944 0.9952 0.9849 0.9805 0.9820 -2.3765 -2.3104 -2.3830 -2.6100 -2.7437 -2.7219 -2.7414 -2.5692 -2.4626 -2.5416 -2.6069 -2.6782 -2.6483 -2.5475 -2.5557 -2.6058 0.2947 -4164723.9377 
-17.0214 4.1869 10.5817 0.1422 64.0274 0.0468 0.3168 7.6093 0.0047 1.0106 0.0098 -2.4950 0.0604 7.7997 7.8496 7.6378 7.6111 7.5972 7.6287 7.6024 7.5953 7.5875 7.5827 7.5500 7.5456 7.5414 7.5502 7.5403 7.5350 1.4955 0.9134 0.8927 0.9695 0.9825 0.9858 0.9950 1.0061 0.9933 0.9904 0.9964 0.9949 0.9952 0.9849 0.9814 0.9820 -2.3744 -2.3104 -2.3723 -2.6421 -2.7429 -2.7219 -2.7414 -2.5692 -2.4465 -2.5416 -2.6069 -2.6782 -2.6483 -2.5475 -2.5557 -2.6075 0.2967 -4164729.4517 
-16.9549 4.3611 10.5817 0.1427 64.0274 0.0468 0.3166 7.6082 0.0067 1.0035 0.0114 -2.5123 0.0602 7.7997 7.8495 7.6364 7.6111 7.5972 7.6277 7.6024 7.5953 7.5871 7.5827 7.5500 7.5459 7.5414 7.5502 7.5403 7.5350 1.4955 0.9134 0.8927 0.9695 0.9825 0.9859 0.9950 1.0061 0.9933 0.9924 0.9964 0.9949 0.9952 0.9849 0.9814 0.9820 -2.3740 -2.3104 -2.3723 -2.6162 -2.7429 -2.7219 -2.7414 -2.5618 -2.4465 -2.5416 -2.6109 -2.6605 -2.6483 -2.5475 -2.5557 -2.6039 0.2970 -4164730.1090 
-16.9549 4.3611 10.5817 0.1412 64.0274 0.0468 0.3155 7.6091 0.0097 1.0060 0.0089 -2.4943 0.0781 7.7997 7.8495 7.6364 7.6111 7.5963 7.6277 7.6024 7.5953 7.5881 7.5806 7.5515 7.5459 7.5416 7.5517 7.5403 7.5350 1.4955 0.9134 0.8927 0.9686 0.9825 0.9864 0.9950 1.0060 0.9933 0.9924 0.9964 0.9949 0.9952 0.9849 0.9814 0.9820 -2.3740 -2.3104 -2.3723 -2.6162 -2.7498 -2.7219 -2.7414 -2.5618 -2.4465 -2.5294 -2.6109 -2.6605 -2.6483 -2.5475 -2.5557 -2.6039 0.2970 -4164731.3889 
-16.9705 4.3611 10.5817 0.1412 64.0274 0.0472 0.3163 7.6042 0.0054 1.0069 0.0123 -2.5109 0.0731 7.7997 7.8495 7.6364 7.6111 7.5970 7.6277 7.6024 7.5953 7.5869 7.5806 7.5502 7.5444 7.5416 7.5517 7.5403 7.5351 1.4955 0.9134 0.8935 0.9686 0.9825 0.9870 0.9936 1.0060 0.9933 0.9924 0.9964 0.9949 0.9953 0.9845 0.9814 0.9818 -2.3828 -2.3104 -2.3723 -2.6162 -2.7530 -2.7219 -2.7357 -2.5749 -2.4563 -2.5294 -2.6109 -2.6605 -2.6483 -2.5475 -2.5557 -2.6039 0.2970 -4164726.4048 
-16.9705 4.3611 10.5817 0.1412 64.0225 0.0472 0.3163 7.6067 0.0094 1.0097 0.0148 -2.5004 0.0481 7.7997 7.8495 7.6364 7.6124 7.5976 7.6279 7.6022 7.5953 7.5869 7.5806 7.5502 7.5444 7.5405 7.5517 7.5391 7.5351 1.4955 0.9134 0.8935 0.9667 0.9814 0.9863 0.9941 1.0059 0.9933 0.9924 0.9964 0.9951 0.9958 0.9845 0.9814 0.9818 -2.3828 -2.3104 -2.3723 -2.6162 -2.7455 -2.7219 -2.7357 -2.5675 -2.4563 -2.5289 -2.6109 -2.6605 -2.6483 -2.5410 -2.5445 -2.5950 0.2970 -4164723.9942 
-16.9705 4.3611 10.5817 0.1412 63.9676 0.0462 0.3163 7.6081 0.0081 1.0083 0.0162 -2.4947 0.1232 7.7997 7.8495 7.6350 7.6124 7.5976 7.6280 7.6026 7.5952 7.5869 7.5819 7.5502 7.5444 7.5405 7.5517 7.5391 7.5351 1.4972 0.9134 0.8932 0.9671 0.9814 0.9863 0.9941 1.0058 0.9931 0.9924 0.9969 0.9951 0.9958 0.9844 0.9824 0.9820 -2.3750 -2.3104 -2.3839 -2.6162 -2.7496 -2.7258 -2.7357 -2.5675 -2.4563 -2.5284 -2.6071 -2.6605 -2.6483 -2.5410 -2.5657 -2.5948 0.2975 -4164725.5665 
-16.9705 4.3611 10.5817 0.1412 63.9676 0.0462 0.3163 7.6075 0.0075 1.0067 0.0145 -2.5152 0.0592 7.7997 7.8495 7.6350 7.6124 7.5976 7.6280 7.6023 7.5952 7.5869 7.5815 7.5502 7.5448 7.5410 7.5517 7.5391 7.5351 1.4972 0.9134 0.8928 0.9671 0.9814 0.9863 0.9935 1.0068 0.9931 0.9924 0.9969 0.9951 0.9958 0.9840 0.9824 0.9820 -2.3750 -2.3104 -2.3839 -2.6162 -2.7496 -2.7258 -2.7367 -2.5675 -2.4563 -2.5284 -2.5995 -2.6605 -2.6483 -2.5410 -2.5657 -2.5948 0.2975 -4164724.9108 
-16.9705 4.3611 10.6070 0.1429 63.9676 0.0462 0.3163 7.6059 0.0069 1.0047 0.0154 -2.4619 0.0678 7.8002 7.8495 7.6350 7.6124 7.5976 7.6280 7.6023 7.5940 7.5877 7.5811 7.5498 7.5448 7.5408 7.5517 7.5391 7.5356 1.4947 0.9134 0.8928 0.9671 0.9814 0.9863 0.9935 1.0068 0.9931 0.9924 0.9972 0.9951 0.9951 0.9840 0.9824 0.9820 -2.3750 -2.3104 -2.3839 -2.6162 -2.7496 -2.7258 -2.7367 -2.5675 -2.4563 -2.5446 -2.6136 -2.6605 -2.6483 -2.5410 -2.5458 -2.5919 0.2975 -4164728.0599 
-16.9705 4.4989 10.6067 0.1416 63.9676 0.0462 0.3163 7.6086 0.0067 1.0063 0.0134 -2.4930 0.0428 7.7995 7.8495 7.6350 7.6124 7.5976 7.6292 7.6023 7.5940 7.5877 7.5811 7.5498 7.5444 7.5420 7.5517 7.5391 7.5356 1.4947 0.9134 0.8928 0.9671 0.9814 0.9852 0.9935 1.0066 0.9933 0.9924 0.9972 0.9951 0.9951 0.9840 0.9824 0.9820 -2.3750 -2.3104 -2.3839 -2.6162 -2.7496 -2.7258 -2.7367 -2.5675 -2.4563 -2.5446 -2.6136 -2.6605 -2.6493 -2.5584 -2.5458 -2.5919 0.2977 -4164729.7274 
-16.9682 4.4989 10.5777 0.1416 63.8085 0.0455 0.3163 7.6081 0.0187 1.0030 0.0206 -2.4932 0.0603 7.7995 7.8495 7.6350 7.6116 7.5976 7.6292 7.6023 7.5950 7.5863 7.5811 7.5498 7.5443 7.5420 7.5517 7.5391 7.5356 1.4950 0.9134 0.8928 0.9688 0.9814 0.9852 0.9935 1.0063 0.9932 0.9924 0.9968 0.9953 0.9951 0.9840 0.9824 0.9820 -2.3750 -2.3104 -2.3810 -2.6162 -2.7496 -2.7258 -2.7367 -2.5675 -2.4563 -2.5446 -2.6136 -2.6646 -2.6493 -2.5584 -2.5458 -2.6044 0.2977 -4164729.9356 
-17.0587 4.4989 10.5777 0.1416 63.8085 0.0455 0.3154 7.6093 0.0085 1.0097 0.0194 -2.5066 0.0717 7.8003 7.8495 7.6355 7.6116 7.5976 7.6292 7.6023 7.5951 7.5863 7.5811 7.5498 7.5443 7.5420 7.5529 7.5391 7.5356 1.4962 0.9075 0.8928 0.9693 0.9814 0.9852 0.9935 1.0063 0.9932 0.9924 0.9968 0.9953 0.9954 0.9840 0.9824 0.9820 -2.3812 -2.3104 -2.3810 -2.6162 -2.7496 -2.7235 -2.7405 -2.5675 -2.4563 -2.5446 -2.6136 -2.6646 -2.6493 -2.5584 -2.5458 -2.5988 0.2977 -4164723.9086 
-17.0587 4.4989 10.5777 0.1416 63.8085 0.0455 0.3154 7.6074 0.0056 1.0029 0.0210 -2.4816 0.0567 7.8003 7.8497 7.6355 7.6116 7.5976 7.6292 7.6023 7.5951 7.5861 7.5811 7.5498 7.5443 7.5410 7.5529 7.5391 7.5356 1.4962 0.9025 0.8888 0.9693 0.9814 0.9852 0.9935 1.0063 0.9932 0.9924 0.9975 0.9953 0.9954 0.9840 0.9824 0.9820 -2.3836 -2.3104 -2.3597 -2.6162 -2.7510 -2.7235 -2.7405 -2.5675 -2.4563 -2.5458 -2.6139 -2.6646 -2.6493 -2.5584 -2.5458 -2.5988 0.2971 -4164725.2583 
-17.0587 4.4989 10.5777 0.1416 63.7564 0.0455 0.3154 7.6077 0.0075 1.0129 0.0188 -2.5122 0.0898 7.8003 7.8497 7.6364 7.6116 7.5973 7.6292 7.6027 7.5951 7.5867 7.5811 7.5498 7.5443 7.5412 7.5529 7.5385 7.5356 1.4929 0.9025 0.8888 0.9693 0.9811 0.9854 0.9935 1.0063 0.9932 0.9927 0.9975 0.9953 0.9954 0.9830 0.9819 0.9820 -2.3836 -2.3104 -2.3608 -2.6148 -2.7510 -2.7255 -2.7405 -2.5675 -2.4563 -2.5436 -2.6139 -2.6646 -2.6493 -2.5584 -2.5458 -2.5988 0.2967 -4164727.4092 
-17.1795 4.4989 10.5777 0.1416 63.7564 0.0455 0.3154 7.6050 0.0059 1.0003 0.0190 -2.5048 0.0485 7.8003 7.8490 7.6364 7.6116 7.5973 7.6292 7.6027 7.5952 7.5867 7.5811 7.5498 7.5452 7.5412 7.5539 7.5393 7.5356 1.4978 0.9025 0.8888 0.9693 0.9811 0.9854 0.9941 1.0063 0.9932 0.9927 0.9980 0.9953 0.9946 0.9830 0.9819 0.9820 -2.3826 -2.3101 -2.3608 -2.6148 -2.7510 -2.7328 -2.7402 -2.5653 -2.4518 -2.5436 -2.6110 -2.6646 -2.6493 -2.5584 -2.5613 -2.6102 0.2964 -4164724.6965 
-17.1077 4.4989 10.5832 0.1416 63.7564 0.0455 0.3154 7.6048 0.0090 1.0070 0.0138 -2.4739 0.1434 7.8003 7.8490 7.6364 7.6116 7.5982 7.6289 7.6027 7.5952 7.5874 7.5811 7.5498 7.5452 7.5411 7.5539 7.5393 7.5356 1.4980 0.9151 0.8888 0.9696 0.9810 0.9854 0.9941 1.0063 0.9932 0.9927 0.9980 0.9949 0.9946 0.9826 0.9819 0.9820 -2.3826 -2.3101 -2.3608 -2.6234 -2.7510 -2.7328 -2.7402 -2.5653 -2.4518 -2.5436 -2.6110 -2.6696 -2.6493 -2.5507 -2.5613 -2.6102 0.2941 -4164722.3716 
-17.1077 4.4989 10.5832 0.1416 63.7564 0.0455 0.3154 7.6078 0.0075 1.0067 0.0213 -2.5197 0.0593 7.8003 7.8490 7.6364 7.6116 7.5977 7.6289 7.6027 7.5952 7.5885 7.5824 7.5498 7.5444 7.5411 7.5539 7.5393 7.5356 1.4980 0.9151 0.8888 0.9696 0.9805 0.9854 0.9941 1.0063 0.9932 0.9927 0.9967 0.9949 0.9946 0.9820 0.9819 0.9817 -2.3826 -2.3101 -2.3608 -2.6234 -2.7510 -2.7328 -2.7402 -2.5653 -2.4518 -2.5436 -2.6067 -2.6651 -2.6493 -2.5507 -2.5448 -2.6085 0.2955 -4164721.4170 
-17.1077 4.4989 10.5832 0.1416 63.7564 0.0455 0.3154 7.6099 0.0054 1.0102 0.0096 -2.5034 0.0397 7.8003 7.8490 7.6364 7.6116 7.5977 7.6289 7.6028 7.5952 7.5885 7.5826 7.5514 7.5444 7.5416 7.5539 7.5393 7.5356 1.4989 0.9160 0.8882 0.9696 0.9803 0.9854 0.9941 1.0063 0.9922 0.9927 0.9967 0.9965 0.9940 0.9820 0.9812 0.9817 -2.3826 -2.3053 -2.3608 -2.6234 -2.7443 -2.7328 -2.7402 -2.5653 -2.4518 -2.5436 -2.6067 -2.6667 -2.6493 -2.5507 -2.5571 -2.5983 0.2978 -4164723.4855 
-17.1077 4.4989 10.5832 0.1416 63.9030 0.0455 0.3154 7.6083 0.0101 1.0065 0.0148 -2.4975 0.0708 7.8003 7.8487 7.6387 7.6103 7.5977 7.6293 7.6028 7.5952 7.5885 7.5810 7.5514 7.5437 7.5415 7.5539 7.5405 7.5356 1.4992 0.9160 0.8882 0.9696 0.9823 0.9854 0.9941 1.0063 0.9922 0.9927 0.9954 0.9965 0.9940 0.9820 0.9812 0.9819 -2.3826 -2.3136 -2.3608 -2.6234 -2.7592 -2.7229 -2.7402 -2.5653 -2.4518 -2.5436 -2.6067 -2.6691 -2.6493 -2.5507 -2.5571 -2.5983 0.2968 -4164721.0297 
-17.1077 4.4989 10.5832 0.1416 63.9030 0.0459 0.3154 7.6068 0.0111 1.0065 0.0331 -2.4900 0.0369 7.8003 7.8492 7.6365 7.6106 7.5977 7.6293 7.6023 7.5950 7.5883 7.5810 7.5514 7.5437 7.5415 7.5541 7.5405 7.5356 1.4992 0.9160 0.8882 0.9696 0.9818 0.9854 0.9941 1.0063 0.9922 0.9927 0.9954 0.9965 0.9955 0.9820 0.9812 0.9819 -2.3826 -2.3136 -2.3608 -2.6234 -2.7592 -2.7189 -2.7402 -2.5653 -2.4517 -2.5436 -2.6067 -2.6691 -2.6493 -2.5565 -2.5571 -2.6022 0.2966 -4164721.0297 
-17.1077 4.4989 10.5832 0.1416 63.9030 0.0459 0.3154 7.6077 0.0056 1.0017 0.0126 -2.5016 0.0810 7.8003 7.8492 7.6365 7.6106 7.5977 7.6293 7.6023 7.5950 7.5878 7.5821 7.5514 7.5437 7.5417 7.5536 7.5405 7.5356 1.4992 0.9160 0.8882 0.9690 0.9818 0.9846 0.9941 1.0061 0.9939 0.9927 0.9954 0.9965 0.9955 0.9820 0.9814 0.9819 -2.3826 -2.3158 -2.3608 -2.6234 -2.7592 -2.7189 -2.7402 -2.5653 -2.4517 -2.5395 -2.6183 -2.6691 -2.6531 -2.5514 -2.5571 -2.6022 0.2939 -4164720.0933 
-17.1077 4.4989 10.5639 0.1423 63.9030 0.0459 0.3154 7.6068 0.0048 1.0035 0.0140 -2.5282 0.1074 7.8003 7.8492 7.6365 7.6106 7.5981 7.6306 7.6023 7.5950 7.5878 7.5821 7.5514 7.5437 7.5417 7.5536 7.5400 7.5356 1.4992 0.9160 0.8882 0.9690 0.9815 0.9846 0.9941 1.0061 0.9939 0.9927 0.9962 0.9965 0.9951 0.9820 0.9814 0.9819 -2.3732 -2.3114 -2.3608 -2.6234 -2.7546 -2.7189 -2.7402 -2.5653 -2.4517 -2.5395 -2.6183 -2.6661 -2.6531 -2.5514 -2.5571 -2.6022 0.2932 -4164720.2307 
-17.1077 4.8411 10.6069 0.1423 63.9030 0.0459 0.3152 7.6076 0.0072 1.0088 0.0159 -2.4999 0.1122 7.8006 7.8492 7.6365 7.6106 7.5978 7.6303 7.6022 7.5950 7.5874 7.5799 7.5514 7.5437 7.5417 7.5536 7.5400 7.5356 1.4989 0.9160 0.8913 0.9697 0.9815 0.9846 0.9941 1.0061 0.9924 0.9955 0.9962 0.9965 0.9947 0.9820 0.9827 0.9825 -2.3732 -2.3114 -2.3608 -2.6234 -2.7546 -2.7189 -2.7402 -2.5653 -2.4517 -2.5395 -2.6142 -2.6661 -2.6531 -2.5514 -2.5516 -2.6022 0.2925 -4164719.4213 
-17.1077 4.8411 10.6069 0.1441 63.9030 0.0441 0.3152 7.6082 0.0084 1.0055 0.0106 -2.4922 0.0452 7.8006 7.8497 7.6365 7.6106 7.5978 7.6305 7.6022 7.5950 7.5874 7.5799 7.5501 7.5437 7.5417 7.5536 7.5400 7.5356 1.5000 0.9160 0.8913 0.9698 0.9815 0.9846 0.9941 1.0061 0.9924 0.9955 0.9962 0.9965 0.9947 0.9820 0.9827 0.9825 -2.3852 -2.3114 -2.3608 -2.6234 -2.7546 -2.7378 -2.7402 -2.5666 -2.4507 -2.5395 -2.6112 -2.6714 -2.6531 -2.5505 -2.5516 -2.6036 0.2930 -4164723.5860 
-17.2361 4.8411 10.5945 0.1441 63.7896 0.0441 0.3152 7.6084 0.0096 1.0090 0.0090 -2.4970 0.0478 7.8006 7.8492 7.6365 7.6106 7.5978 7.6305 7.6022 7.5950 7.5874 7.5795 7.5501 7.5437 7.5417 7.5536 7.5395 7.5356 1.5000 0.9160 0.8913 0.9698 0.9815 0.9846 0.9950 1.0061 0.9924 0.9955 0.9965 0.9972 0.9947 0.9825 0.9816 0.9825 -2.3852 -2.3114 -2.3608 -2.6234 -2.7546 -2.7378 -2.7402 -2.5666 -2.4507 -2.5395 -2.6112 -2.6688 -2.6531 -2.5505 -2.5516 -2.6036 0.2931 -4164720.5387 
-17.2361 4.8411 10.5945 0.1438 63.7896 0.0441 0.3159 7.6060 0.0072 1.0039 0.0132 -2.5147 0.0571 7.8006 7.8492 7.6359 7.6106 7.5978 7.6301 7.6013 7.5956 7.5888 7.5788 7.5501 7.5437 7.5417 7.5542 7.5392 7.5356 1.5000 0.9160 0.8913 0.9698 0.9815 0.9846 0.9964 1.0058 0.9913 0.9953 0.9965 0.9972 0.9947 0.9825 0.9829 0.9825 -2.3851 -2.3114 -2.3608 -2.6234 -2.7474 -2.7378 -2.7404 -2.5666 -2.4507 -2.5322 -2.6045 -2.6688 -2.6568 -2.5505 -2.5516 -2.6036 0.2931 -4164717.8901 
-17.2361 4.8411 10.5945 0.1426 63.7896 0.0441 0.3136 7.6074 0.0146 1.0030 0.0280 -2.4699 0.1189 7.8006 7.8492 7.6359 7.6106 7.5981 7.6301 7.6013 7.5956 7.5888 7.5788 7.5501 7.5428 7.5417 7.5542 7.5392 7.5356 1.5000 0.9160 0.8913 0.9698 0.9815 0.9845 0.9964 1.0058 0.9913 0.9957 0.9962 0.9972 0.9947 0.9825 0.9810 0.9825 -2.3869 -2.3109 -2.3608 -2.6234 -2.7444 -2.7378 -2.7404 -2.5666 -2.4507 -2.5322 -2.6045 -2.6685 -2.6568 -2.5436 -2.5540 -2.6149 0.2943 -4164721.4203 
-17.2361 4.8411 10.5945 0.1426 63.7896 0.0451 0.3136 7.6053 0.0115 0.9946 0.0121 -2.5097 0.0637 7.8006 7.8492 7.6383 7.6106 7.5976 7.6301 7.6013 7.5956 7.5888 7.5793 7.5501 7.5429 7.5417 7.5542 7.5401 7.5356 1.5000 0.9160 0.8913 0.9670 0.9815 0.9845 0.9960 1.0056 0.9913 0.9939 0.9965 0.9972 0.9947 0.9808 0.9810 0.9825 -2.3787 -2.3109 -2.3735 -2.6127 -2.7444 -2.7378 -2.7356 -2.5666 -2.4507 -2.5322 -2.6045 -2.6685 -2.6568 -2.5436 -2.5540 -2.6177 0.2953 -4164719.7435 
-17.2361 4.8411 10.5945 0.1433 63.6767 0.0451 0.3136 7.6102 0.0204 1.0093 0.0152 -2.4947 0.0692 7.8006 7.8492 7.6356 7.6106 7.5969 7.6301 7.6013 7.5956 7.5888 7.5793 7.5501 7.5431 7.5417 7.5544 7.5401 7.5356 1.5000 0.9267 0.8880 0.9689 0.9815 0.9845 0.9960 1.0056 0.9913 0.9939 0.9965 0.9972 0.9948 0.9808 0.9807 0.9825 -2.3788 -2.3109 -2.3735 -2.6127 -2.7444 -2.7252 -2.7436 -2.5666 -2.4507 -2.5322 -2.6043 -2.6685 -2.6568 -2.5436 -2.5540 -2.6201 0.2942 -4164722.0275 
-17.2361 4.8411 10.5945 0.1433 63.6767 0.0451 0.3136 7.6104 0.0054 1.0044 0.0103 -2.5150 0.0513 7.8006 7.8492 7.6373 7.6104 7.5969 7.6301 7.6013 7.5959 7.5888 7.5793 7.5501 7.5431 7.5417 7.5544 7.5401 7.5350 1.5000 0.9247 0.8880 0.9689 0.9823 0.9845 0.9960 1.0056 0.9913 0.9939 0.9971 0.9972 0.9948 0.9808 0.9807 0.9845 -2.3788 -2.3109 -2.3696 -2.6127 -2.7444 -2.7238 -2.7412 -2.5666 -2.4507 -2.5322 -2.6043 -2.6685 -2.6568 -2.5553 -2.5540 -2.6201 0.2942 -4164718.3371 
-17.2361 4.9119 10.5945 0.1433 63.6767 0.0421 0.3144 7.6079 0.0067 1.0082 0.0280 -2.4970 0.0554 7.7996 7.8483 7.6373 7.6115 7.5969 7.6294 7.6013 7.5959 7.5888 7.5795 7.5501 7.5431 7.5417 7.5537 7.5401 7.5351 1.4989 0.9006 0.8880 0.9688 0.9823 0.9845 0.9960 1.0060 0.9913 0.9939 0.9958 0.9972 0.9947 0.9814 0.9807 0.9845 -2.3788 -2.3109 -2.3702 -2.6111 -2.7444 -2.7238 -2.7412 -2.5666 -2.4502 -2.5322 -2.5926 -2.6685 -2.6568 -2.5577 -2.5540 -2.6203 0.2942 -4164721.4983 
-17.2334 5.5759 10.5840 0.1433 63.6743 0.0402 0.3144 7.6058 0.0066 1.0072 0.0244 -2.4949 0.0894 7.7996 7.8483 7.6373 7.6115 7.5964 7.6294 7.6013 7.5959 7.5888 7.5811 7.5501 7.5431 7.5417 7.5537 7.5401 7.5321 1.4989 0.9006 0.8880 0.9688 0.9823 0.9845 0.9960 1.0060 0.9913 0.9913 0.9960 0.9972 0.9947 0.9814 0.9811 0.9845 -2.3788 -2.3183 -2.3702 -2.6106 -2.7444 -2.7238 -2.7430 -2.5637 -2.4547 -2.5255 -2.5944 -2.6685 -2.6568 -2.5577 -2.5540 -2.6175 0.2942 -4164726.2202 
-17.2334 5.5759 10.5840 0.1433 63.6743 0.0402 0.3124 7.6074 0.0059 1.0039 0.0097 -2.4822 0.0375 7.7996 7.8483 7.6376 7.6110 7.5965 7.6306 7.6002 7.5959 7.5888 7.5819 7.5501 7.5431 7.5417 7.5537 7.5401 7.5321 1.4989 0.9006 0.8880 0.9674 0.9823 0.9845 0.9961 1.0059 0.9913 0.9907 0.9960 0.9983 0.9946 0.9814 0.9811 0.9870 -2.3788 -2.3159 -2.3753 -2.6140 -2.7444 -2.7238 -2.7430 -2.5592 -2.4547 -2.5352 -2.5960 -2.6787 -2.6568 -2.5519 -2.5540 -2.6017 0.2959 -4164728.9230 
-17.2334 5.5759 10.5840 0.1433 63.7523 0.0402 0.3124 7.6083 0.0072 1.0024 0.0189 -2.4807 0.1221 7.7996 7.8494 7.6358 7.6110 7.5965 7.6304 7.6002 7.5959 7.5883 7.5819 7.5516 7.5438 7.5418 7.5542 7.5401 7.5321 1.4989 0.9085 0.8880 0.9674 0.9823 0.9835 0.9961 1.0057 0.9913 0.9907 0.9960 0.9968 0.9935 0.9814 0.9811 0.9870 -2.3779 -2.3159 -2.3753 -2.6140 -2.7444 -2.7238 -2.7430 -2.5592 -2.4522 -2.5352 -2.5960 -2.6787 -2.6568 -2.5519 -2.5536 -2.6017 0.2959 -4164728.2299 
-17.3758 5.5759 10.5840 0.1433 63.5651 0.0402 0.3117 7.6064 0.0127 1.0098 0.0156 -2.5159 0.0631 7.7999 7.8494 7.6369 7.6110 7.5965 7.6304 7.6005 7.5957 7.5903 7.5819 7.5516 7.5440 7.5418 7.5542 7.5410 7.5321 1.4989 0.9085 0.8880 0.9704 0.9831 0.9835 0.9961 1.0063 0.9903 0.9905 0.9960 0.9968 0.9935 0.9814 0.9796 0.9838 -2.3801 -2.3159 -2.3753 -2.6140 -2.7500 -2.7238 -2.7430 -2.5592 -2.4522 -2.5352 -2.6062 -2.6787 -2.6568 -2.5478 -2.5550 -2.5957 0.2926 -4164721.7429 
-17.4279 5.5759 10.5840 0.1433 63.5651 0.0402 0.3117 7.6103 0.0054 1.0028 0.0092 -2.4676 0.0372 7.7999 7.8494 7.6369 7.6110 7.5970 7.6304 7.6003 7.5957 7.5903 7.5837 7.5511 7.5438 7.5417 7.5542 7.5410 7.5325 1.4989 0.9098 0.8880 0.9704 0.9831 0.9835 0.9961 1.0063 0.9903 0.9905 0.9960 0.9972 0.9935 0.9814 0.9796 0.9838 -2.3801 -2.3106 -2.3753 -2.6140 -2.7500 -2.7238 -2.7430 -2.5604 -2.4522 -2.5352 -2.6062 -2.6787 -2.6459 -2.5478 -2.5550 -2.5957 0.2926 -4164719.8379 
-17.4279 5.5759 10.5840 0.1433 63.5651 0.0402 0.3117 7.6070 0.0092 1.0061 0.0174 -2.4992 0.0628 7.8001 7.8494 7.6369 7.6110 7.5968 7.6304 7.6003 7.5957 7.5903 7.5837 7.5511 7.5438 7.5421 7.5542 7.5410 7.5325 1.4989 0.9098 0.8880 0.9704 0.9831 0.9835 0.9964 1.0066 0.9903 0.9891 0.9960 0.9972 0.9935 0.9814 0.9796 0.9855 -2.3801 -2.3129 -2.3818 -2.6140 -2.7499 -2.7238 -2.7430 -2.5604 -2.4522 -2.5352 -2.6143 -2.6787 -2.6459 -2.5478 -2.5550 -2.5957 0.2926 -4164716.6173 
-17.4279 5.5759 10.5840 0.1432 63.5651 0.0402 0.3117 7.6085 0.0048 1.0143 0.0249 -2.5028 0.0550 7.8001 7.8490 7.6369 7.6110 7.5978 7.6304 7.6003 7.5957 7.5905 7.5837 7.5511 7.5431 7.5421 7.5542 7.5413 7.5325 1.4989 0.9098 0.8880 0.9684 0.9831 0.9835 0.9964 1.0066 0.9903 0.9891 0.9951 0.9972 0.9935 0.9814 0.9796 0.9855 -2.3856 -2.3129 -2.3818 -2.6140 -2.7499 -2.7209 -2.7430 -2.5604 -2.4522 -2.5352 -2.6143 -2.6697 -2.6459 -2.5370 -2.5550 -2.5972 0.2923 -4164717.5450 
-17.4279 5.5759 10.5840 0.1426 63.5651 0.0402 0.3117 7.6094 0.0068 1.0076 0.0321 -2.5048 0.0486 7.7995 7.8490 7.6373 7.6110 7.5978 7.6304 7.6003 7.5955 7.5911 7.5837 7.5505 7.5431 7.5421 7.5545 7.5413 7.5325 1.4989 0.9098 0.8880 0.9684 0.9814 0.9835 0.9964 1.0060 0.9903 0.9891 0.9951 0.9972 0.9935 0.9822 0.9797 0.9856 -2.3885 -2.3116 -2.3779 -2.6238 -2.7499 -2.7209 -2.7430 -2.5592 -2.4522 -2.5352 -2.6143 -2.6697 -2.6459 -2.5370 -2.5550 -2.5983 0.2923 -4164720.4706 
-17.4279 5.5759 10.5840 0.1426 63.5651 0.0402 0.3117 7.6074 0.0042 1.0157 0.0174 -2.5014 0.0578 7.8007 7.8492 7.6357 7.6110 7.5978 7.6304 7.6008 7.5955 7.5911 7.5837 7.5505 7.5431 7.5421 7.5529 7.5413 7.5325 1.4989 0.9098 0.8880 0.9680 0.9814 0.9835 0.9964 1.0060 0.9903 0.9891 0.9951 0.9971 0.9940 0.9822 0.9797 0.9856 -2.3748 -2.3070 -2.3841 -2.6238 -2.7499 -2.7193 -2.7430 -2.5655 -2.4543 -2.5352 -2.6143 -2.6697 -2.6459 -2.5394 -2.5550 -2.5983 0.2945 -4164714.0108 
-17.4279 5.5759 10.5840 0.1421 63.5651 0.0402 0.3117 7.6075 0.0059 1.0040 0.0174 -2.4865 0.0418 7.8007 7.8492 7.6347 7.6110 7.5978 7.6304 7.6008 7.5956 7.5911 7.5837 7.5505 7.5428 7.5426 7.5529 7.5413 7.5326 1.4989 0.9098 0.8880 0.9697 0.9814 0.9835 0.9964 1.0060 0.9910 0.9891 0.9957 0.9971 0.9940 0.9822 0.9797 0.9844 -2.3748 -2.3070 -2.3788 -2.6231 -2.7499 -2.7193 -2.7387 -2.5655 -2.4589 -2.5352 -2.6143 -2.6697 -2.6567 -2.5394 -2.5550 -2.5976 0.2945 -4164714.0108 
-17.4279 5.5759 10.5840 0.1421 63.4803 0.0402 0.3117 7.6087 0.0113 1.0074 0.0235 -2.4915 0.0632 7.8007 7.8492 7.6365 7.6110 7.5978 7.6304 7.6008 7.5956 7.5911 7.5837 7.5505 7.5428 7.5426 7.5538 7.5413 7.5327 1.4989 0.9098 0.8880 0.9697 0.9814 0.9835 0.9957 1.0060 0.9914 0.9905 0.9957 0.9971 0.9940 0.9822 0.9797 0.9844 -2.3748 -2.3121 -2.3788 -2.6231 -2.7499 -2.7193 -2.7339 -2.5690 -2.4589 -2.5352 -2.6039 -2.6747 -2.6567 -2.5515 -2.5663 -2.6068 0.2945 -4164711.6923 
-17.4279 5.4761 10.5458 0.1421 63.4803 0.0402 0.3117 7.6075 0.0058 1.0065 0.0184 -2.4795 0.0541 7.8007 7.8501 7.6365 7.6110 7.5978 7.6304 7.6008 7.5956 7.5894 7.5837 7.5505 7.5428 7.5426 7.5538 7.5413 7.5327 1.4996 0.9003 0.8880 0.9697 0.9814 0.9835 0.9961 1.0060 0.9914 0.9890 0.9957 0.9971 0.9940 0.9816 0.9797 0.9844 -2.3748 -2.3121 -2.3788 -2.6231 -2.7502 -2.7193 -2.7339 -2.5690 -2.4589 -2.5222 -2.6039 -2.6747 -2.6567 -2.5515 -2.5663 -2.6045 0.2945 -4164707.4745 
-17.4279 5.4761 10.5458 0.1421 63.4803 0.0402 0.3117 7.6074 0.0050 1.0058 0.0271 -2.5078 0.1017 7.8007 7.8487 7.6365 7.6110 7.5975 7.6304 7.6010 7.5956 7.5894 7.5850 7.5505 7.5428 7.5426 7.5538 7.5413 7.5337 1.4986 0.9003 0.8880 0.9697 0.9814 0.9835 0.9961 1.0062 0.9914 0.9890 0.9963 0.9961 0.9940 0.9816 0.9797 0.9844 -2.3748 -2.3121 -2.3788 -2.6231 -2.7502 -2.7193 -2.7339 -2.5690 -2.4589 -2.5222 -2.6039 -2.6747 -2.6572 -2.5515 -2.5578 -2.6034 0.2945 -4164710.1589 
-17.4279 5.4761 10.5458 0.1421 63.4803 0.0402 0.3124 7.6084 0.0073 0.9989 0.0098 -2.4721 0.0961 7.8003 7.8487 7.6365 7.6110 7.5975 7.6304 7.6010 7.5956 7.5895 7.5850 7.5505 7.5440 7.5426 7.5538 7.5414 7.5337 1.4978 0.9003 0.8880 0.9697 0.9814 0.9845 0.9961 1.0062 0.9914 0.9890 0.9963 0.9961 0.9940 0.9833 0.9796 0.9844 -2.3714 -2.3089 -2.3788 -2.6231 -2.7502 -2.7193 -2.7339 -2.5690 -2.4589 -2.5222 -2.6060 -2.6690 -2.6572 -2.5515 -2.5578 -2.5889 0.2945 -4164712.0913 
-17.4279 5.4761 10.5458 0.1421 63.2557 0.0402 0.3122 7.6060 0.0039 0.9993 0.0162 -2.4485 0.0488 7.8003 7.8487 7.6365 7.6110 7.5975 7.6294 7.6010 7.5950 7.5892 7.5830 7.5505 7.5440 7.5426 7.5538 7.5414 7.5328 1.4978 0.9003 0.8880 0.9697 0.9814 0.9845 0.9961 1.0062 0.9914 0.9916 0.9963 0.9961 0.9940 0.9828 0.9796 0.9857 -2.3714 -2.3089 -2.3788 -2.6231 -2.7448 -2.7244 -2.7339 -2.5690 -2.4589 -2.5308 -2.6060 -2.6690 -2.6572 -2.5543 -2.5405 -2.5889 0.2947 -4164714.0317 
-17.4279 5.4761 10.5458 0.1421 63.2557 0.0402 0.3122 7.6071 0.0058 1.0035 0.0150 -2.4727 0.0874 7.8003 7.8496 7.6365 7.6108 7.5975 7.6294 7.6010 7.5948 7.5892 7.5830 7.5505 7.5440 7.5426 7.5541 7.5414 7.5321 1.4978 0.9003 0.8880 0.9697 0.9814 0.9845 0.9961 1.0062 0.9914 0.9916 0.9951 0.9971 0.9940 0.9828 0.9796 0.9857 -2.3714 -2.3063 -2.3788 -2.6231 -2.7448 -2.7244 -2.7339 -2.5690 -2.4589 -2.5378 -2.6060 -2.6788 -2.6464 -2.5498 -2.5588 -2.5889 0.2947 -4164714.4549 
-17.4314 5.7803 10.5458 0.1421 63.2557 0.0402 0.3106 7.6094 0.0071 1.0101 0.0101 -2.4983 0.0476 7.8003 7.8496 7.6365 7.6108 7.5975 7.6286 7.6005 7.5957 7.5892 7.5830 7.5505 7.5440 7.5426 7.5526 7.5414 7.5321 1.4978 0.9003 0.8880 0.9689 0.9814 0.9845 0.9961 1.0054 0.9914 0.9916 0.9964 0.9971 0.9940 0.9819 0.9796 0.9828 -2.3825 -2.3105 -2.3862 -2.6231 -2.7388 -2.7228 -2.7339 -2.5690 -2.4589 -2.5378 -2.6060 -2.6788 -2.6506 -2.5498 -2.5588 -2.6021 0.2920 -4164717.2598 
-17.4314 5.7803 10.5458 0.1421 63.3030 0.0402 0.3115 7.6096 0.0056 1.0033 0.0152 -2.5040 0.1382 7.8003 7.8496 7.6352 7.6108 7.5975 7.6305 7.6003 7.5957 7.5892 7.5819 7.5501 7.5440 7.5426 7.5530 7.5414 7.5321 1.4978 0.9003 0.8880 0.9690 0.9814 0.9842 0.9972 1.0054 0.9914 0.9916 0.9964 0.9971 0.9940 0.9827 0.9796 0.9828 -2.3825 -2.3105 -2.3935 -2.6231 -2.7334 -2.7228 -2.7444 -2.5690 -2.4582 -2.5331 -2.6060 -2.6776 -2.6506 -2.5498 -2.5588 -2.6021 0.2931 -4164720.3573 
-17.5103 5.7803 10.5458 0.1422 63.3030 0.0402 0.3116 7.6099 0.0063 1.0025 0.0109 -2.5112 0.0639 7.7998 7.8496 7.6352 7.6108 7.5975 7.6291 7.6003 7.5959 7.5892 7.5822 7.5501 7.5440 7.5426 7.5530 7.5410 7.5321 1.4978 0.9115 0.8880 0.9690 0.9814 0.9842 0.9970 1.0054 0.9914 0.9916 0.9964 0.9971 0.9940 0.9827 0.9796 0.9828 -2.3825 -2.3105 -2.3935 -2.6235 -2.7334 -2.7227 -2.7444 -2.5690 -2.4570 -2.5331 -2.6060 -2.6776 -2.6532 -2.5427 -2.5588 -2.6021 0.2915 -4164719.5120 
-17.5103 5.7803 10.5458 0.1430 63.3030 0.0393 0.3116 7.6073 0.0087 1.0074 0.0130 -2.4946 0.0495 7.7998 7.8496 7.6349 7.6108 7.5975 7.6291 7.6000 7.5963 7.5892 7.5822 7.5501 7.5440 7.5423 7.5526 7.5410 7.5371 1.4980 0.9115 0.8880 0.9690 0.9814 0.9842 0.9970 1.0049 0.9914 0.9915 0.9964 0.9971 0.9940 0.9827 0.9796 0.9828 -2.3825 -2.3151 -2.3935 -2.6208 -2.7334 -2.7224 -2.7444 -2.5690 -2.4570 -2.5331 -2.6060 -2.6776 -2.6532 -2.5505 -2.5588 -2.6148 0.2908 -4164717.3641 
-17.5103 5.7803 10.5458 0.1412 63.2790 0.0393 0.3101 7.6090 0.0057 1.0082 0.0145 -2.4920 0.0708 7.7993 7.8489 7.6349 7.6106 7.5975 7.6291 7.6004 7.5963 7.5892 7.5822 7.5514 7.5423 7.5423 7.5526 7.5410 7.5371 1.4980 0.9004 0.8880 0.9690 0.9814 0.9842 0.9970 1.0049 0.9914 0.9915 0.9964 0.9971 0.9940 0.9827 0.9796 0.9818 -2.3825 -2.3151 -2.3935 -2.6208 -2.7284 -2.7224 -2.7444 -2.5690 -2.4570 -2.5331 -2.6086 -2.6776 -2.6532 -2.5505 -2.5588 -2.6034 0.2908 -4164717.9461 
-17.5103 5.7803 10.5458 0.1412 63.2790 0.0393 0.3101 7.6073 0.0060 1.0027 0.0211 -2.5054 0.0504 7.7993 7.8489 7.6349 7.6106 7.5975 7.6291 7.6004 7.5963 7.5881 7.5822 7.5514 7.5423 7.5423 7.5526 7.5410 7.5371 1.4980 0.8975 0.8880 0.9690 0.9814 0.9842 0.9958 1.0049 0.9914 0.9915 0.9964 0.9971 0.9940 0.9827 0.9796 0.9818 -2.3825 -2.3151 -2.3935 -2.6208 -2.7284 -2.7263 -2.7436 -2.5690 -2.4514 -2.5409 -2.6040 -2.6776 -2.6532 -2.5468 -2.5588 -2.6034 0.2901 -4164720.4977 
-17.5103 5.7803 10.5458 0.1412 63.2790 0.0393 0.3101 7.6088 0.0039 1.0052 0.0251 -2.4998 0.0676 7.7990 7.8488 7.6349 7.6110 7.5975 7.6291 7.6002 7.5963 7.5880 7.5822 7.5511 7.5423 7.5423 7.5526 7.5429 7.5355 1.4980 0.8975 0.8880 0.9690 0.9806 0.9842 0.9958 1.0049 0.9914 0.9915 0.9964 0.9971 0.9940 0.9827 0.9776 0.9820 -2.3786 -2.3151 -2.3935 -2.6208 -2.7455 -2.7263 -2.7436 -2.5690 -2.4491 -2.5409 -2.6040 -2.6776 -2.6510 -2.5468 -2.5441 -2.6034 0.2901 -4164717.9395 
-17.5103 5.9317 10.5458 0.1412 63.2790 0.0393 0.3101 7.6075 0.0131 1.0028 0.0152 -2.5019 0.0615 7.7990 7.8493 7.6349 7.6110 7.5975 7.6299 7.6002 7.5963 7.5880 7.5822 7.5511 7.5423 7.5423 7.5526 7.5417 7.5350 1.4980 0.9100 0.8957 0.9690 0.9806 0.9842 0.9967 1.0044 0.9937 0.9905 0.9964 0.9971 0.9940 0.9827 0.9782 0.9817 -2.3786 -2.3151 -2.3935 -2.6208 -2.7407 -2.7263 -2.7414 -2.5610 -2.4491 -2.5409 -2.6040 -2.6776 -2.6510 -2.5481 -2.5441 -2.6034 0.2901 -4164710.9764 
-17.5532 5.9317 10.5458 0.1412 63.2534 0.0393 0.3101 7.6079 0.0061 1.0021 0.0156 -2.4962 0.0890 7.7994 7.8493 7.6346 7.6110 7.5975 7.6296 7.6000 7.5963 7.5865 7.5822 7.5511 7.5423 7.5423 7.5526 7.5417 7.5350 1.4991 0.9100 0.8957 0.9690 0.9806 0.9845 0.9967 1.0052 0.9937 0.9899 0.9950 0.9971 0.9940 0.9827 0.9779 0.9817 -2.3786 -2.3151 -2.3877 -2.6208 -2.7407 -2.7169 -2.7414 -2.5665 -2.4499 -2.5231 -2.6040 -2.6776 -2.6510 -2.5503 -2.5441 -2.6045 0.2901 -4164707.2618 
-17.5532 5.9317 10.5458 0.1412 63.2534 0.0393 0.3101 7.6108 0.0059 1.0061 0.0199 -2.4607 0.0733 7.7994 7.8493 7.6371 7.6110 7.5975 7.6296 7.6000 7.5963 7.5865 7.5822 7.5511 7.5423 7.5423 7.5526 7.5417 7.5350 1.4994 0.9073 0.8917 0.9676 0.9806 0.9845 0.9967 1.0052 0.9934 0.9899 0.9950 0.9971 0.9940 0.9843 0.9779 0.9831 -2.3786 -2.3101 -2.3877 -2.6208 -2.7407 -2.7169 -2.7414 -2.5665 -2.4499 -2.5243 -2.6040 -2.6806 -2.6510 -2.5503 -2.5441 -2.6045 0.2926 -4164706.9171 
-17.5532 5.9317 10.5458 0.1412 63.2534 0.0393 0.3101 7.6064 0.0101 1.0060 0.0149 -2.4563 0.0764 7.8003 7.8491 7.6371 7.6110 7.5992 7.6296 7.6001 7.5963 7.5865 7.5821 7.5511 7.5423 7.5423 7.5526 7.5419 7.5343 1.4994 0.9088 0.8922 0.9676 0.9806 0.9845 0.9967 1.0042 0.9934 0.9910 0.9960 0.9971 0.9940 0.9843 0.9779 0.9831 -2.3786 -2.3101 -2.3877 -2.6208 -2.7407 -2.7283 -2.7414 -2.5665 -2.4513 -2.5243 -2.6156 -2.6806 -2.6510 -2.5503 -2.5514 -2.6045 0.2926 -4164704.8609 
-17.5532 5.9317 10.5458 0.1412 63.1860 0.0393 0.3101 7.6091 0.0070 1.0059 0.0132 -2.5352 0.0480 7.8003 7.8491 7.6371 7.6110 7.5992 7.6296 7.6001 7.5973 7.5871 7.5809 7.5511 7.5423 7.5423 7.5516 7.5419 7.5343 1.4994 0.9088 0.8914 0.9676 0.9802 0.9845 0.9967 1.0042 0.9952 0.9921 0.9944 0.9971 0.9940 0.9837 0.9779 0.9831 -2.3891 -2.3101 -2.3877 -2.6208 -2.7407 -2.7283 -2.7357 -2.5665 -2.4513 -2.5283 -2.6156 -2.6806 -2.6605 -2.5417 -2.5514 -2.6045 0.2913 -4164701.5925 
-17.5532 5.9317 10.5458 0.1412 63.1860 0.0372 0.3101 7.6051 0.0054 1.0071 0.0190 -2.5026 0.0662 7.8003 7.8491 7.6371 7.6110 7.5992 7.6296 7.6001 7.5973 7.5871 7.5818 7.5511 7.5424 7.5423 7.5516 7.5419 7.5343 1.4994 0.9088 0.8914 0.9676 0.9802 0.9845 0.9968 1.0042 0.9952 0.9942 0.9973 0.9971 0.9938 0.9837 0.9789 0.9831 -2.3821 -2.3101 -2.3877 -2.6208 -2.7407 -2.7231 -2.7357 -2.5784 -2.4513 -2.5398 -2.6156 -2.6806 -2.6605 -2.5556 -2.5514 -2.6045 0.2914 -4164710.2229 
-17.5532 5.9317 10.5458 0.1412 63.2294 0.0372 0.3101 7.6076 0.0056 1.0073 0.0136 -2.4955 0.0826 7.8003 7.8491 7.6371 7.6119 7.5992 7.6296 7.6004 7.5969 7.5870 7.5817 7.5511 7.5425 7.5422 7.5516 7.5419 7.5343 1.4992 0.9088 0.8914 0.9676 0.9802 0.9845 0.9968 1.0042 0.9952 0.9942 0.9973 0.9995 0.9938 0.9848 0.9789 0.9831 -2.3821 -2.3101 -2.3877 -2.6181 -2.7438 -2.7231 -2.7357 -2.5558 -2.4513 -2.5398 -2.6146 -2.6806 -2.6605 -2.5527 -2.5514 -2.6045 0.2949 -4164707.1954 
-17.5532 5.9317 10.5458 0.1412 63.2294 0.0372 0.3101 7.6066 0.0047 1.0015 0.0099 -2.4971 0.0625 7.8003 7.8491 7.6371 7.6119 7.5992 7.6296 7.5994 7.5973 7.5870 7.5817 7.5511 7.5407 7.5422 7.5516 7.5419 7.5343 1.4992 0.9088 0.8914 0.9676 0.9799 0.9845 0.9973 1.0034 0.9929 0.9910 0.9966 0.9995 0.9938 0.9848 0.9789 0.9838 -2.3778 -2.3101 -2.3877 -2.6181 -2.7521 -2.7231 -2.7435 -2.5558 -2.4532 -2.5379 -2.6146 -2.6806 -2.6605 -2.5527 -2.5532 -2.6045 0.2949 -4164704.5355 
-17.5532 5.9317 10.5458 0.1412 63.2294 0.0372 0.3101 7.6070 0.0057 1.0029 0.0124 -2.4975 0.0539 7.8002 7.8497 7.6371 7.6119 7.5992 7.6297 7.5994 7.5973 7.5870 7.5817 7.5511 7.5422 7.5422 7.5516 7.5419 7.5343 1.4992 0.9088 0.8914 0.9676 0.9799 0.9845 0.9973 1.0037 0.9929 0.9910 0.9966 0.9995 0.9942 0.9848 0.9789 0.9838 -2.3778 -2.3101 -2.3877 -2.6181 -2.7521 -2.7231 -2.7435 -2.5704 -2.4532 -2.5336 -2.6146 -2.6640 -2.6587 -2.5527 -2.5532 -2.6045 0.2949 -4164699.1186 
-17.5431 5.9317 10.5458 0.1412 63.2294 0.0372 0.3106 7.6084 0.0052 1.0107 0.0107 -2.5034 0.0988 7.8001 7.8497 7.6371 7.6119 7.5992 7.6292 7.5993 7.5973 7.5870 7.5817 7.5511 7.5422 7.5422 7.5510 7.5419 7.5343 1.4992 0.9088 0.8914 0.9687 0.9799 0.9845 0.9981 1.0037 0.9929 0.9910 0.9966 0.9995 0.9942 0.9848 0.9789 0.9838 -2.3778 -2.3101 -2.3877 -2.6181 -2.7521 -2.7231 -2.7435 -2.5645 -2.4532 -2.5336 -2.6146 -2.6640 -2.6587 -2.5514 -2.5463 -2.6013 0.2949 -4164699.1186 
-17.5431 5.9317 10.5458 0.1436 63.1467 0.0372 0.3106 7.6079 0.0078 1.0075 0.0138 -2.4834 0.0593 7.8001 7.8497 7.6371 7.6119 7.5992 7.6292 7.5993 7.5973 7.5870 7.5817 7.5511 7.5422 7.5422 7.5510 7.5419 7.5343 1.4992 0.9183 0.8914 0.9687 0.9799 0.9846 0.9979 1.0047 0.9929 0.9910 0.9959 0.9979 0.9942 0.9849 0.9789 0.9838 -2.3768 -2.3101 -2.3877 -2.6181 -2.7521 -2.7231 -2.7435 -2.5645 -2.4532 -2.5207 -2.6085 -2.6640 -2.6587 -2.5514 -2.5463 -2.6260 0.2949 -4164703.7074 
-17.5431 5.9317 10.5458 0.1427 63.3317 0.0372 0.3106 7.6091 0.0079 1.0120 0.0164 -2.4997 0.0627 7.8001 7.8497 7.6371 7.6119 7.5996 7.6303 7.5993 7.5973 7.5880 7.5809 7.5508 7.5422 7.5423 7.5515 7.5412 7.5343 1.4992 0.9183 0.8914 0.9687 0.9796 0.9833 0.9979 1.0040 0.9926 0.9910 0.9959 0.9979 0.9942 0.9847 0.9789 0.9829 -2.3768 -2.3101 -2.3946 -2.6181 -2.7521 -2.7231 -2.7452 -2.5672 -2.4532 -2.5215 -2.6055 -2.6754 -2.6587 -2.5514 -2.5589 -2.6260 0.2949 -4164705.5115 
-17.6293 5.9317 10.5458 0.1427 63.3317 0.0372 0.3071 7.6071 0.0061 1.0009 0.0090 -2.4567 0.0465 7.8001 7.8490 7.6371 7.6107 7.5993 7.6308 7.5993 7.5974 7.5882 7.5809 7.5509 7.5422 7.5423 7.5515 7.5412 7.5343 1.4992 0.9183 0.8934 0.9687 0.9796 0.9833 0.9979 1.0040 0.9928 0.9910 0.9953 0.9979 0.9942 0.9842 0.9789 0.9832 -2.3768 -2.3101 -2.3998 -2.6241 -2.7571 -2.7237 -2.7452 -2.5673 -2.4607 -2.5392 -2.6071 -2.6661 -2.6464 -2.5514 -2.5416 -2.6198 0.2949 -4164710.4190 
-17.7781 5.8722 10.5458 0.1427 63.3317 0.0372 0.3070 7.6089 0.0083 1.0082 0.0162 -2.5121 0.0545 7.8001 7.8490 7.6371 7.6107 7.5993 7.6308 7.5993 7.5974 7.5882 7.5809 7.5509 7.5422 7.5423 7.5515 7.5413 7.5343 1.4992 0.9183 0.8956 0.9687 0.9796 0.9829 0.9979 1.0034 0.9928 0.9910 0.9953 0.9979 0.9942 0.9840 0.9789 0.9832 -2.3768 -2.3101 -2.3920 -2.6242 -2.7571 -2.7237 -2.7452 -2.5673 -2.4607 -2.5392 -2.6080 -2.6661 -2.6464 -2.5514 -2.5400 -2.6198 0.2949 -4164710.9976 
-17.7695 5.8722 10.5458 0.1427 63.3317 0.0350 0.3070 7.6110 0.0063 1.0097 0.0139 -2.4859 0.0597 7.8001 7.8490 7.6351 7.6107 7.5993 7.6312 7.5992 7.5974 7.5879 7.5809 7.5509 7.5422 7.5420 7.5515 7.5419 7.5343 1.4992 0.8957 0.8956 0.9687 0.9796 0.9831 0.9979 1.0034 0.9928 0.9910 0.9953 0.9986 0.9943 0.9840 0.9789 0.9832 -2.3768 -2.3196 -2.3920 -2.6242 -2.7417 -2.7237 -2.7452 -2.5777 -2.4607 -2.5297 -2.6140 -2.6661 -2.6464 -2.5514 -2.5400 -2.6198 0.2970 -4164705.7093 
-17.7695 5.8722 10.5458 0.1414 63.3317 0.0334 0.3070 7.6068 0.0096 1.0055 0.0197 -2.5133 0.1030 7.8002 7.8494 7.6351 7.6107 7.5993 7.6312 7.5992 7.5974 7.5879 7.5809 7.5526 7.5422 7.5414 7.5515 7.5412 7.5343 1.4992 0.9000 0.8943 0.9687 0.9798 0.9831 0.9979 1.0034 0.9926 0.9921 0.9951 0.9986 0.9936 0.9840 0.9789 0.9832 -2.3768 -2.3196 -2.3920 -2.6242 -2.7417 -2.7249 -2.7452 -2.5736 -2.4497 -2.5297 -2.6140 -2.6736 -2.6623 -2.5432 -2.5490 -2.6198 0.2970 -4164707.5801 
-17.7695 5.8722 10.5458 0.1414 63.3317 0.0341 0.3070 7.6079 0.0056 1.0118 0.0071 -2.4474 0.0480 7.8002 7.8494 7.6351 7.6124 7.5993 7.6312 7.5994 7.5981 7.5879 7.5823 7.5526 7.5424 7.5418 7.5515 7.5412 7.5343 1.4992 0.9181 0.8983 0.9686 0.9798 0.9831 0.9979 1.0034 0.9926 0.9921 0.9951 0.9973 0.9936 0.9839 0.9800 0.9843 -2.3768 -2.3196 -2.3920 -2.6242 -2.7417 -2.7191 -2.7452 -2.5736 -2.4525 -2.5297 -2.6140 -2.6736 -2.6623 -2.5432 -2.5586 -2.6126 0.2970 -4164707.4892 
-17.8417 5.8722 10.5458 0.1414 63.3317 0.0324 0.3062 7.6088 0.0031 1.0079 0.0175 -2.4975 0.0551 7.8002 7.8494 7.6355 7.6124 7.5993 7.6312 7.5994 7.5969 7.5879 7.5801 7.5526 7.5437 7.5418 7.5515 7.5407 7.5343 1.4992 0.9181 0.8969 0.9686 0.9798 0.9831 0.9979 1.0046 0.9926 0.9923 0.9951 0.9973 0.9936 0.9839 0.9808 0.9843 -2.3768 -2.3196 -2.3920 -2.6242 -2.7417 -2.7250 -2.7386 -2.5743 -2.4525 -2.5292 -2.6140 -2.6652 -2.6623 -2.5495 -2.5586 -2.6007 0.2970 -4164706.0445 
-17.8417 5.8722 10.5458 0.1414 63.3317 0.0332 0.3062 7.6079 0.0071 1.0066 0.0190 -2.5049 0.0488 7.8002 7.8494 7.6362 7.6124 7.5993 7.6312 7.5995 7.5969 7.5879 7.5801 7.5526 7.5437 7.5418 7.5515 7.5410 7.5343 1.4988 0.9131 0.8969 0.9686 0.9798 0.9826 0.9978 1.0033 0.9926 0.9933 0.9951 0.9973 0.9949 0.9839 0.9808 0.9831 -2.3764 -2.3160 -2.3920 -2.6115 -2.7417 -2.7250 -2.7386 -2.5564 -2.4525 -2.5292 -2.6140 -2.6724 -2.6623 -2.5495 -2.5586 -2.6007 0.2981 -4164702.2994 
-17.9000 5.8722 10.5458 0.1409 63.3317 0.0332 0.3060 7.6080 0.0058 1.0116 0.0212 -2.4864 0.0390 7.8002 7.8494 7.6362 7.6124 7.5993 7.6318 7.5995 7.5978 7.5879 7.5801 7.5526 7.5430 7.5423 7.5531 7.5404 7.5343 1.4988 0.9131 0.8914 0.9686 0.9799 0.9831 0.9978 1.0033 0.9926 0.9933 0.9951 0.9974 0.9933 0.9839 0.9801 0.9831 -2.3764 -2.3160 -2.3953 -2.6115 -2.7417 -2.7245 -2.7386 -2.5666 -2.4525 -2.5343 -2.6090 -2.6735 -2.6623 -2.5495 -2.5586 -2.6007 0.2981 -4164703.4643 
-17.9000 5.8722 10.5458 0.1409 63.3395 0.0332 0.3060 7.6055 0.0075 1.0032 0.0159 -2.4883 0.0450 7.8002 7.8493 7.6356 7.6124 7.5993 7.6318 7.5997 7.5978 7.5874 7.5801 7.5507 7.5428 7.5423 7.5531 7.5402 7.5348 1.4988 0.9022 0.8914 0.9686 0.9805 0.9831 0.9962 1.0033 0.9926 0.9933 0.9951 0.9974 0.9933 0.9839 0.9801 0.9831 -2.3695 -2.3160 -2.3953 -2.6115 -2.7417 -2.7266 -2.7386 -2.5666 -2.4525 -2.5343 -2.6070 -2.6735 -2.6457 -2.5563 -2.5555 -2.6007 0.2981 -4164704.9992 
-17.9000 5.8722 10.5458 0.1426 63.1865 0.0324 0.3060 7.6075 0.0077 1.0115 0.0230 -2.4850 0.0283 7.8002 7.8493 7.6356 7.6124 7.5993 7.6318 7.5997 7.5985 7.5882 7.5801 7.5507 7.5428 7.5423 7.5531 7.5405 7.5348 1.4988 0.9002 0.8914 0.9686 0.9786 0.9823 0.9962 1.0033 0.9926 0.9921 0.9967 0.9974 0.9933 0.9839 0.9806 0.9831 -2.3695 -2.3160 -2.3925 -2.6131 -2.7417 -2.7232 -2.7386 -2.5666 -2.4382 -2.5343 -2.6070 -2.6735 -2.6457 -2.5563 -2.5562 -2.6007 0.2984 -4164706.5575 
-17.9000 5.8722 10.5458 0.1426 63.1865 0.0324 0.3060 7.6085 0.0070 1.0022 0.0197 -2.4882 0.0590 7.8002 7.8493 7.6356 7.6124 7.5993 7.6318 7.5999 7.5971 7.5873 7.5801 7.5507 7.5425 7.5423 7.5531 7.5409 7.5339 1.4988 0.9002 0.8914 0.9686 0.9808 0.9823 0.9962 1.0033 0.9926 0.9921 0.9967 0.9974 0.9933 0.9839 0.9806 0.9831 -2.3866 -2.3160 -2.3925 -2.6284 -2.7505 -2.7238 -2.7386 -2.5666 -2.4382 -2.5343 -2.6070 -2.6735 -2.6595 -2.5406 -2.5562 -2.6007 0.2960 -4164708.9025 
-17.9000 5.8722 10.5065 0.1426 63.1865 0.0324 0.3060 7.6073 0.0083 1.0088 0.0176 -2.4990 0.0525 7.8002 7.8493 7.6356 7.6124 7.5993 7.6318 7.6011 7.5971 7.5888 7.5818 7.5507 7.5425 7.5423 7.5531 7.5413 7.5339 1.4988 0.9002 0.8914 0.9686 0.9811 0.9823 0.9962 1.0033 0.9926 0.9921 0.9967 0.9982 0.9936 0.9839 0.9788 0.9831 -2.3866 -2.3160 -2.3925 -2.6240 -2.7505 -2.7238 -2.7462 -2.5683 -2.4382 -2.5376 -2.6070 -2.6735 -2.6595 -2.5406 -2.5562 -2.6007 0.2974 -4164711.9712 
-17.9000 5.8722 10.5065 0.1426 63.1523 0.0324 0.3060 7.6063 0.0095 1.0099 0.0118 -2.4751 0.1166 7.8002 7.8490 7.6356 7.6124 7.5993 7.6319 7.6011 7.5983 7.5888 7.5822 7.5501 7.5425 7.5423 7.5531 7.5413 7.5340 1.4988 0.9002 0.8914 0.9686 0.9811 0.9823 0.9962 1.0033 0.9926 0.9921 0.9967 0.9982 0.9937 0.9839 0.9788 0.9831 -2.3680 -2.3160 -2.3925 -2.6240 -2.7505 -2.7250 -2.7462 -2.5683 -2.4382 -2.5376 -2.6070 -2.6766 -2.6595 -2.5406 -2.5574 -2.6007 0.2974 -4164711.9712 
-17.9000 5.8722 10.5065 0.1426 63.1523 0.0324 0.3060 7.6052 0.0059 1.0023 0.0161 -2.5334 0.0657 7.8002 7.8490 7.6362 7.6127 7.5989 7.6315 7.6011 7.5983 7.5888 7.5807 7.5501 7.5425 7.5423 7.5531 7.5413 7.5340 1.4988 0.9021 0.8914 0.9686 0.9797 0.9823 0.9958 1.0027 0.9926 0.9921 0.9967 0.9982 0.9945 0.9831 0.9801 0.9831 -2.3680 -2.3160 -2.4001 -2.6240 -2.7505 -2.7250 -2.7407 -2.5683 -2.4578 -2.5369 -2.6099 -2.6713 -2.6595 -2.5489 -2.5574 -2.6007 0.2974 -4164703.8014 
-17.9000 6.5749 10.5065 0.1426 63.1523 0.0324 0.3060 7.6070 0.0077 1.0089 0.0163 -2.4859 0.0773 7.8002 7.8490 7.6362 7.6127 7.5989 7.6315 7.6011 7.5983 7.5888 7.5814 7.5501 7.5425 7.5423 7.5531 7.5413 7.5340 1.4988 0.9104 0.8914 0.9686 0.9810 0.9823 0.9958 1.0027 0.9926 0.9921 0.9967 0.9983 0.9946 0.9831 0.9801 0.9831 -2.3768 -2.3160 -2.3641 -2.6116 -2.7505 -2.7178 -2.7404 -2.5720 -2.4578 -2.5338 -2.6099 -2.6741 -2.6595 -2.5489 -2.5574 -2.6007 0.2956 -4164693.6595 
-17.8487 6.5749 10.5065 0.1426 63.1523 0.0324 0.3060 7.6048 0.0094 0.9992 0.0101 -2.5066 0.0708 7.8010 7.8490 7.6365 7.6127 7.5989 7.6315 7.6005 7.5980 7.5888 7.5814 7.5508 7.5425 7.5423 7.5531 7.5413 7.5337 1.4988 0.9104 0.8888 0.9684 0.9795 0.9834 0.9958 1.0029 0.9926 0.9921 0.9967 0.9983 0.9946 0.9831 0.9802 0.9831 -2.3768 -2.3160 -2.3699 -2.6164 -2.7505 -2.7185 -2.7404 -2.5720 -2.4578 -2.5362 -2.6096 -2.6741 -2.6595 -2.5489 -2.5574 -2.6007 0.2956 -4164693.4056 
-17.8487 6.5749 10.5065 0.1426 63.1523 0.0324 0.3060 7.6065 0.0051 1.0024 0.0141 -2.4939 0.0518 7.7991 7.8493 7.6365 7.6127 7.6000 7.6315 7.6005 7.5980 7.5877 7.5814 7.5508 7.5425 7.5423 7.5531 7.5413 7.5337 1.4998 0.9104 0.8888 0.9684 0.9795 0.9824 0.9958 1.0029 0.9926 0.9921 0.9951 0.9983 0.9946 0.9831 0.9802 0.9829 -2.3768 -2.3038 -2.3699 -2.6164 -2.7505 -2.7185 -2.7404 -2.5720 -2.4578 -2.5362 -2.6096 -2.6741 -2.6595 -2.5489 -2.5574 -2.6020 0.2956 -4164693.0876 
-17.8487 6.5749 10.5065 0.1426 63.1523 0.0324 0.3060 7.6066 0.0079 1.0016 0.0099 -2.4962 0.0687 7.7991 7.8493 7.6365 7.6127 7.6000 7.6309 7.6005 7.5980 7.5882 7.5818 7.5508 7.5425 7.5423 7.5531 7.5413 7.5356 1.4998 0.9104 0.8946 0.9686 0.9795 0.9824 0.9958 1.0029 0.9926 0.9921 0.9950 0.9999 0.9948 0.9831 0.9802 0.9829 -2.3768 -2.3038 -2.3642 -2.6164 -2.7472 -2.7185 -2.7387 -2.5720 -2.4578 -2.5362 -2.6012 -2.6741 -2.6595 -2.5489 -2.5574 -2.6058 0.2963 -4164694.3105 
-17.8462 6.5749 10.5065 0.1426 63.1523 0.0324 0.3060 7.6095 0.0047 1.0079 0.0138 -2.4948 0.0511 7.7991 7.8493 7.6365 7.6127 7.6000 7.6309 7.6015 7.5980 7.5882 7.5812 7.5508 7.5423 7.5423 7.5531 7.5404 7.5356 1.4998 0.9104 0.8946 0.9686 0.9795 0.9836 0.9958 1.0031 0.9926 0.9921 0.9950 0.9999 0.9948 0.9834 0.9802 0.9829 -2.3768 -2.3180 -2.3642 -2.6164 -2.7391 -2.7185 -2.7387 -2.5720 -2.4578 -2.5362 -2.6012 -2.6741 -2.6595 -2.5552 -2.5574 -2.6058 0.2963 -4164699.7856 
-17.8715 6.5749 10.5482 0.1426 63.1523 0.0324 0.3060 7.6078 0.0107 1.0059 0.0112 -2.4732 0.0480 7.7991 7.8493 7.6365 7.6115 7.6000 7.6302 7.6015 7.5992 7.5888 7.5812 7.5508 7.5410 7.5414 7.5531 7.5404 7.5362 1.4998 0.8983 0.8905 0.9690 0.9795 0.9836 0.9958 1.0034 0.9926 0.9921 0.9954 0.9999 0.9943 0.9834 0.9802 0.9829 -2.3768 -2.3180 -2.3835 -2.6164 -2.7391 -2.7185 -2.7387 -2.5720 -2.4487 -2.5222 -2.6012 -2.6709 -2.6595 -2.5552 -2.5574 -2.6058 0.2963 -4164701.2208 
-17.8715 6.5749 10.5287 0.1426 63.1523 0.0324 0.3051 7.6102 0.0035 1.0094 0.0125 -2.4977 0.0627 7.7991 7.8493 7.6365 7.6115 7.6000 7.6302 7.6008 7.5992 7.5888 7.5812 7.5511 7.5410 7.5414 7.5531 7.5409 7.5362 1.4998 0.9059 0.8905 0.9690 0.9795 0.9836 0.9958 1.0028 0.9926 0.9921 0.9954 0.9996 0.9949 0.9834 0.9802 0.9829 -2.3755 -2.3063 -2.3835 -2.6164 -2.7391 -2.7185 -2.7387 -2.5720 -2.4487 -2.5222 -2.6012 -2.6709 -2.6595 -2.5552 -2.5574 -2.6058 0.2929 -4164699.0787 
-17.9172 6.5749 10.5287 0.1429 63.1523 0.0320 0.3051 7.6095 0.0060 1.0016 0.0344 -2.5063 0.0905 7.7991 7.8493 7.6365 7.6115 7.6000 7.6302 7.6011 7.5974 7.5888 7.5812 7.5511 7.5414 7.5414 7.5531 7.5408 7.5362 1.4998 0.9069 0.8905 0.9690 0.9793 0.9836 0.9958 1.0029 0.9926 0.9921 0.9954 0.9994 0.9949 0.9834 0.9802 0.9807 -2.3755 -2.3063 -2.3807 -2.6164 -2.7391 -2.7271 -2.7408 -2.5720 -2.4631 -2.5237 -2.6121 -2.6723 -2.6595 -2.5575 -2.5409 -2.6058 0.2929 -4164697.9081 
-17.9172 6.5749 10.5287 0.1429 62.8767 0.0320 0.3051 7.6087 0.0070 1.0038 0.0117 -2.5102 0.0654 7.7999 7.8493 7.6358 7.6122 7.6000 7.6299 7.6011 7.5974 7.5888 7.5812 7.5511 7.5414 7.5414 7.5531 7.5408 7.5361 1.4998 0.9069 0.8905 0.9672 0.9793 0.9836 0.9958 1.0029 0.9926 0.9921 0.9954 0.9994 0.9949 0.9834 0.9802 0.9807 -2.3771 -2.3063 -2.3807 -2.6164 -2.7391 -2.7200 -2.7401 -2.5720 -2.4367 -2.5237 -2.6121 -2.6723 -2.6595 -2.5575 -2.5409 -2.6058 0.2929 -4164694.8216 
-17.9172 6.8178 10.5287 0.1395 62.8767 0.0320 0.3051 7.6070 0.0067 1.0021 0.0255 -2.5077 0.0527 7.7999 7.8493 7.6358 7.6121 7.6000 7.6299 7.6011 7.5982 7.5888 7.5812 7.5511 7.5414 7.5414 7.5531 7.5408 7.5361 1.4998 0.9052 0.8905 0.9672 0.9793 0.9848 0.9958 1.0029 0.9926 0.9921 0.9954 0.9994 0.9949 0.9834 0.9802 0.9807 -2.3771 -2.3063 -2.3807 -2.6164 -2.7497 -2.7200 -2.7401 -2.5720 -2.4367 -2.5387 -2.6121 -2.6723 -2.6595 -2.5575 -2.5446 -2.5924 0.2938 -4164693.0680 
-17.9172 6.8178 10.5287 0.1395 62.8767 0.0320 0.3057 7.6072 0.0099 1.0003 0.0279 -2.4874 0.0519 7.7999 7.8493 7.6358 7.6121 7.5991 7.6299 7.6011 7.5982 7.5888 7.5812 7.5511 7.5414 7.5414 7.5531 7.5408 7.5350 1.4998 0.9052 0.8905 0.9672 0.9793 0.9845 0.9958 1.0029 0.9914 0.9931 0.9954 0.9994 0.9948 0.9834 0.9790 0.9807 -2.3771 -2.3063 -2.3807 -2.6164 -2.7497 -2.7194 -2.7401 -2.5720 -2.4367 -2.5387 -2.6121 -2.6723 -2.6595 -2.5581 -2.5446 -2.5924 0.2938 -4164695.1091 
-18.0375 6.4428 10.5287 0.1395 62.8832 0.0320 0.3031 7.6091 0.0078 1.0069 0.0110 -2.4876 0.0565 7.8005 7.8493 7.6350 7.6121 7.5991 7.6299 7.6011 7.5982 7.5878 7.5812 7.5511 7.5414 7.5418 7.5531 7.5408 7.5360 1.4998 0.9052 0.8934 0.9672 0.9793 0.9845 0.9958 1.0029 0.9914 0.9931 0.9954 0.9994 0.9948 0.9834 0.9790 0.9807 -2.3771 -2.3063 -2.3807 -2.6184 -2.7497 -2.7194 -2.7426 -2.5720 -2.4367 -2.5387 -2.6121 -2.6723 -2.6595 -2.5581 -2.5446 -2.6044 0.2938 -4164694.1255 
-18.0375 6.4428 10.5287 0.1395 62.8832 0.0320 0.3031 7.6085 0.0055 1.0069 0.0132 -2.5019 0.0605 7.8007 7.8493 7.6350 7.6121 7.5991 7.6288 7.6011 7.5982 7.5878 7.5800 7.5511 7.5414 7.5418 7.5531 7.5408 7.5360 1.4998 0.9085 0.8934 0.9672 0.9802 0.9850 0.9958 1.0029 0.9918 0.9941 0.9954 0.9994 0.9948 0.9834 0.9790 0.9813 -2.3760 -2.3063 -2.3807 -2.6184 -2.7497 -2.7194 -2.7426 -2.5720 -2.4367 -2.5421 -2.6121 -2.6725 -2.6595 -2.5581 -2.5446 -2.6044 0.2938 -4164693.1654 
-18.0375 6.4428 10.5287 0.1395 62.8832 0.0320 0.3031 7.6093 0.0115 1.0073 0.0154 -2.4993 0.0693 7.8007 7.8500 7.6350 7.6121 7.5991 7.6288 7.6017 7.5982 7.5878 7.5808 7.5511 7.5413 7.5418 7.5531 7.5408 7.5360 1.4998 0.9085 0.8934 0.9672 0.9794 0.9843 0.9958 1.0033 0.9918 0.9941 0.9961 0.9994 0.9948 0.9834 0.9790 0.9813 -2.3760 -2.3063 -2.3807 -2.6184 -2.7497 -2.7194 -2.7426 -2.5720 -2.4367 -2.5484 -2.6071 -2.6698 -2.6595 -2.5581 -2.5446 -2.6055 0.2938 -4164693.6537 
-18.0375 6.4428 10.5287 0.1395 62.8837 0.0321 0.3041 7.6044 0.0122 0.9986 0.0107 -2.4856 0.0581 7.7994 7.8500 7.6350 7.6121 7.5991 7.6302 7.6017 7.5982 7.5888 7.5808 7.5511 7.5413 7.5416 7.5531 7.5408 7.5360 1.4998 0.9085 0.8934 0.9680 0.9795 0.9845 0.9942 1.0033 0.9918 0.9941 0.9961 0.9994 0.9948 0.9823 0.9790 0.9824 -2.3760 -2.3109 -2.3837 -2.6191 -2.7497 -2.7239 -2.7323 -2.5720 -2.4367 -2.5484 -2.6051 -2.6731 -2.6595 -2.5350 -2.5471 -2.6055 0.2938 -4164696.4550 
-18.0375 6.4428 10.5287 0.1391 62.8837 0.0316 0.3041 7.6091 0.0066 1.0020 0.0219 -2.4992 0.0695 7.7994 7.8486 7.6350 7.6121 7.5991 7.6307 7.6028 7.5982 7.5884 7.5808 7.5511 7.5413 7.5416 7.5528 7.5408 7.5360 1.4998 0.9085 0.8965 0.9679 0.9796 0.9826 0.9942 1.0033 0.9918 0.9941 0.9961 0.9994 0.9948 0.9823 0.9790 0.9824 -2.3760 -2.3109 -2.3781 -2.6325 -2.7497 -2.7158 -2.7330 -2.5720 -2.4349 -2.5486 -2.6051 -2.6731 -2.6549 -2.5376 -2.5471 -2.6055 0.2938 -4164696.5662 
-18.0375 6.4428 10.5287 0.1402 62.8837 0.0316 0.3041 7.6068 0.0083 1.0063 0.0218 -2.5071 0.0498 7.7994 7.8486 7.6350 7.6121 7.5991 7.6307 7.6019 7.5975 7.5884 7.5808 7.5511 7.5417 7.5416 7.5528 7.5408 7.5360 1.4998 0.9085 0.8965 0.9679 0.9796 0.9826 0.9944 1.0032 0.9918 0.9943 0.9961 0.9994 0.9954 0.9833 0.9794 0.9822 -2.3760 -2.3109 -2.3781 -2.6325 -2.7497 -2.7158 -2.7330 -2.5716 -2.4276 -2.5486 -2.6051 -2.6731 -2.6549 -2.5376 -2.5471 -2.6036 0.2938 -4164698.4800 
-18.0375 6.4428 10.5287 0.1402 62.8837 0.0314 0.3041 7.6088 0.0110 1.0146 0.0133 -2.4882 0.0699 7.7994 7.8486 7.6345 7.6121 7.5991 7.6307 7.6019 7.5975 7.5884 7.5808 7.5511 7.5413 7.5418 7.5528 7.5415 7.5360 1.4998 0.9085 0.8917 0.9679 0.9792 0.9826 0.9944 1.0032 0.9918 0.9935 0.9952 0.9994 0.9954 0.9833 0.9782 0.9826 -2.3760 -2.3183 -2.3781 -2.6164 -2.7497 -2.7187 -2.7327 -2.5716 -2.4311 -2.5486 -2.6051 -2.6731 -2.6549 -2.5590 -2.5471 -2.6159 0.2968 -4164701.8497 
-18.0375 6.5275 10.5287 0.1402 62.8837 0.0314 0.3041 7.6070 0.0074 1.0111 0.0125 -2.4564 0.0724 7.8000 7.8486 7.6354 7.6121 7.5991 7.6307 7.6019 7.5975 7.5881 7.5808 7.5511 7.5413 7.5418 7.5528 7.5415 7.5360 1.4998 0.9085 0.8920 0.9675 0.9802 0.9831 0.9944 1.0032 0.9918 0.9935 0.9952 0.9994 0.9943 0.9829 0.9782 0.9813 -2.3760 -2.3183 -2.3781 -2.6212 -2.7406 -2.7187 -2.7327 -2.5716 -2.4440 -2.5486 -2.6051 -2.6621 -2.6549 -2.5590 -2.5471 -2.6097 0.2968 -4164689.6093 
-18.0375 6.5275 10.5287 0.1402 62.8837 0.0314 0.3040 7.6079 0.0038 1.0040 0.0182 -2.4941 0.0594 7.8000 7.8486 7.6378 7.6121 7.5991 7.6307 7.6019 7.5975 7.5881 7.5808 7.5511 7.5413 7.5418 7.5528 7.5426 7.5360 1.4998 0.9085 0.8920 0.9675 0.9802 0.9831 0.9944 1.0032 0.9923 0.9935 0.9952 0.9994 0.9943 0.9829 0.9782 0.9813 -2.3760 -2.3183 -2.3780 -2.6212 -2.7406 -2.7187 -2.7340 -2.5716 -2.4440 -2.5438 -2.5928 -2.6621 -2.6549 -2.5451 -2.5471 -2.6097 0.2968 -4164688.4088 
-18.0375 6.5275 10.5287 0.1402 62.8837 0.0290 0.3040 7.6085 0.0033 1.0022 0.0152 -2.5117 0.0629 7.8000 7.8491 7.6349 7.6114 7.5991 7.6307 7.6026 7.5975 7.5883 7.5808 7.5511 7.5413 7.5418 7.5528 7.5426 7.5360 1.4998 0.9206 0.8920 0.9675 0.9802 0.9841 0.9937 1.0032 0.9923 0.9935 0.9952 0.9994 0.9943 0.9829 0.9782 0.9813 -2.3731 -2.3183 -2.3780 -2.6212 -2.7406 -2.7187 -2.7340 -2.5716 -2.4531 -2.5438 -2.5971 -2.6621 -2.6549 -2.5451 -2.5644 -2.6139 0.2968 -4164689.3083 
-18.0375 6.5275 10.5287 0.1402 62.8753 0.0290 0.3040 7.6077 0.0149 1.0031 0.0357 -2.4982 0.0511 7.8000 7.8491 7.6349 7.6114 7.5991 7.6307 7.6029 7.5976 7.5883 7.5809 7.5511 7.5420 7.5418 7.5532 7.5426 7.5360 1.4998 0.8952 0.8912 0.9675 0.9807 0.9841 0.9937 1.0032 0.9923 0.9935 0.9956 0.9994 0.9943 0.9829 0.9782 0.9813 -2.3731 -2.3183 -2.3780 -2.6213 -2.7406 -2.7257 -2.7358 -2.5716 -2.4531 -2.5438 -2.6103 -2.6700 -2.6549 -2.5451 -2.5644 -2.6065 0.2967 -4164695.6066 
-18.0375 6.5275 10.5287 0.1402 62.8753 0.0290 0.3040 7.6045 0.0031 1.0062 0.0112 -2.4938 0.0557 7.8000 7.8491 7.6349 7.6114 7.5991 7.6307 7.6035 7.5976 7.5881 7.5794 7.5511 7.5420 7.5424 7.5532 7.5426 7.5360 1.4998 0.8952 0.8912 0.9675 0.9807 0.9832 0.9937 1.0032 0.9934 0.9935 0.9956 0.9988 0.9944 0.9829 0.9793 0.9813 -2.3680 -2.3184 -2.3780 -2.6213 -2.7527 -2.7257 -2.7333 -2.5685 -2.4531 -2.5428 -2.6103 -2.6700 -2.6549 -2.5428 -2.5644 -2.6065 0.2967 -4164696.1807 
-18.0375 6.5275 10.5287 0.1394 62.8753 0.0326 0.3040 7.6081 0.0056 1.0068 0.0132 -2.4742 0.0674 7.8006 7.8502 7.6349 7.6114 7.5991 7.6307 7.6035 7.5976 7.5881 7.5802 7.5511 7.5425 7.5424 7.5522 7.5426 7.5363 1.4998 0.8982 0.8912 0.9691 0.9807 0.9841 0.9937 1.0040 0.9934 0.9935 0.9956 0.9975 0.9948 0.9821 0.9793 0.9817 -2.3800 -2.3184 -2.3780 -2.6234 -2.7513 -2.7257 -2.7388 -2.5685 -2.4531 -2.5428 -2.6103 -2.6658 -2.6549 -2.5467 -2.5644 -2.6100 0.2947 -4164697.6167 
-18.0011 6.5275 10.5287 0.1394 62.8753 0.0322 0.3050 7.6075 0.0071 1.0068 0.0145 -2.4963 0.0642 7.8006 7.8498 7.6374 7.6114 7.5991 7.6299 7.6035 7.5976 7.5881 7.5811 7.5513 7.5434 7.5415 7.5522 7.5406 7.5360 1.4998 0.9264 0.8903 0.9691 0.9807 0.9841 0.9939 1.0040 0.9930 0.9939 0.9956 0.9975 0.9950 0.9853 0.9793 0.9820 -2.3800 -2.3184 -2.3643 -2.6234 -2.7513 -2.7257 -2.7388 -2.5685 -2.4531 -2.5480 -2.6069 -2.6756 -2.6549 -2.5467 -2.5644 -2.6100 0.2947 -4164691.6954 
-18.0011 6.5275 10.5012 0.1423 62.8753 0.0322 0.3057 7.6059 0.0054 1.0020 0.0134 -2.4776 0.0594 7.8006 7.8498 7.6374 7.6118 7.5991 7.6299 7.6023 7.5976 7.5866 7.5811 7.5513 7.5435 7.5415 7.5518 7.5416 7.5360 1.4997 0.9234 0.8903 0.9691 0.9810 0.9841 0.9939 1.0041 0.9934 0.9939 0.9956 0.9977 0.9950 0.9854 0.9793 0.9820 -2.3794 -2.3184 -2.3643 -2.6203 -2.7513 -2.7290 -2.7396 -2.5685 -2.4531 -2.5480 -2.6069 -2.6756 -2.6549 -2.5467 -2.5644 -2.6100 0.2947 -4164693.3903 
-18.0011 6.5275 10.5012 0.1399 62.8753 0.0322 0.3057 7.6086 0.0055 1.0104 0.0205 -2.5042 0.0885 7.8006 7.8498 7.6359 7.6118 7.5991 7.6299 7.6028 7.5968 7.5866 7.5811 7.5513 7.5435 7.5415 7.5518 7.5416 7.5360 1.4997 0.9202 0.8903 0.9691 0.9815 0.9851 0.9939 1.0041 0.9934 0.9939 0.9956 0.9977 0.9937 0.9845 0.9793 0.9820 -2.3780 -2.3075 -2.3808 -2.6203 -2.7513 -2.7296 -2.7396 -2.5669 -2.4555 -2.5426 -2.6069 -2.6756 -2.6494 -2.5467 -2.5644 -2.6100 0.2947 -4164692.0174 
-18.0011 6.5275 10.5012 0.1399 62.8753 0.0322 0.3057 7.6059 0.0045 1.0151 0.0188 -2.5185 0.0669 7.8006 7.8498 7.6359 7.6118 7.5977 7.6294 7.6024 7.5968 7.5866 7.5811 7.5513 7.5432 7.5415 7.5520 7.5420 7.5358 1.4997 0.9162 0.8903 0.9707 0.9815 0.9851 0.9939 1.0038 0.9934 0.9939 0.9966 0.9977 0.9937 0.9845 0.9793 0.9820 -2.3780 -2.3075 -2.3823 -2.6203 -2.7513 -2.7296 -2.7396 -2.5669 -2.4555 -2.5445 -2.6069 -2.6735 -2.6494 -2.5467 -2.5457 -2.6130 0.2947 -4164687.4390 
-18.0011 6.5275 10.5012 0.1399 62.8753 0.0322 0.3057 7.6086 0.0078 1.0054 0.0116 -2.4950 0.0583 7.8006 7.8502 7.6372 7.6118 7.5977 7.6294 7.6024 7.5977 7.5875 7.5811 7.5513 7.5432 7.5415 7.5508 7.5421 7.5358 1.4997 0.9162 0.8903 0.9707 0.9815 0.9845 0.9939 1.0038 0.9934 0.9939 0.9966 0.9977 0.9954 0.9839 0.9796 0.9820 -2.3780 -2.3075 -2.3823 -2.6203 -2.7513 -2.7278 -2.7430 -2.5708 -2.4431 -2.5391 -2.6069 -2.6735 -2.6612 -2.5467 -2.5457 -2.6130 0.2947 -4164689.8848 
-18.0011 6.5275 10.5012 0.1399 62.8753 0.0319 0.3057 7.6101 0.0050 1.0076 0.0232 -2.4860 0.0661 7.8006 7.8501 7.6367 7.6118 7.5976 7.6294 7.6024 7.5977 7.5868 7.5811 7.5510 7.5432 7.5415 7.5529 7.5410 7.5358 1.4997 0.9124 0.8911 0.9694 0.9815 0.9845 0.9939 1.0038 0.9930 0.9939 0.9963 0.9977 0.9954 0.9839 0.9796 0.9820 -2.3708 -2.3075 -2.3823 -2.6203 -2.7513 -2.7278 -2.7430 -2.5600 -2.4431 -2.5391 -2.6072 -2.6657 -2.6612 -2.5522 -2.5457 -2.6130 0.2923 -4164688.4875 
