# lengths
mu0 32.507800
lambda 67.270500
delta 26.868600
sigma0 14.198600
sigmav 0.095200
alpha 0.000000
beta 0.153000
# description
RG1 i 0
CG1 t 0
DG1 b 0
postG1 i 1 t 1 b 1
# i
-32.5078 -31.6343 -30.7609 -29.8874 -29.0139 -28.1404 -27.2670 -26.3935 -25.5200 -24.6465 -23.7731 -22.8996 -22.0261 -21.1526 -20.2792 -19.4057 -18.5322 -17.6588 -16.7853 -15.9118 -15.0383 -14.1649 -13.2914 -12.4179 -11.5444 -10.6710 -9.7975 -8.9240 -8.0506 -7.1771 -6.3036 -5.4301 -4.5567 -3.6832 -2.8097 -1.9362 -1.0628 -0.1893 0.6842 1.5577 2.4311 3.3046 4.1781 5.0515 5.9250 6.7985 7.6720 8.5454 9.4189 10.2924
10.2924 11.0136 11.7349 12.4561 13.1774 13.8986 14.6198 15.3411 16.0623 16.7836 17.5048 18.2260 18.9473 19.6685 20.3898 21.1110 21.8323 22.5535 23.2747 23.9960 24.7172 25.4385 26.1597 26.8810 27.6022 28.3234 29.0447 29.7659 30.4872 31.2084 31.9296 32.6509 33.3721 34.0934 34.8146 35.5359 36.2571 36.9783 37.6996 38.4208 39.1421 39.8633 40.5845 41.3058 42.0270 42.7483 43.4695 44.1908 44.9120 45.6332 46.3545 47.0757 47.7970 48.5182 49.2395 49.9607 50.6819 51.4032 52.1244 52.8457 53.5669 54.2881 55.0094 55.7306 56.4519 57.1731 57.8944 58.6156 59.3368 60.0581 60.7793 61.5006 62.2218 62.9430 63.6643 64.3855 65.1068 65.8280 66.5493 67.2705
# t
0.0000 0.2100 0.4201 0.6301 0.8402 1.0502 1.2603 1.4703 1.6804 1.8904 2.1005 2.3105 2.5206 2.7306 2.9407 3.1507 3.3608 3.5708 3.7809 3.9909 4.2010 4.4110 4.6211 4.8311 5.0412 5.2512 5.4613 5.6713 5.8814 6.0914 6.3015 6.5115 6.7216 6.9316 7.1417 7.3517 7.5618 7.7718 7.9819 8.1919 8.4019 8.6120 8.8220 9.0321 9.2421 9.4522 9.6622 9.8723 10.0823 10.2924
10.2924 11.0136 11.7349 12.4561 13.1774 13.8986 14.6198 15.3411 16.0623 16.7836 17.5048 18.2260 18.9473 19.6685 20.3898 21.1110 21.8323 22.5535 23.2747 23.9960 24.7172 25.4385 26.1597 26.8810 27.6022 28.3234 29.0447 29.7659 30.4872 31.2084 31.9296 32.6509 33.3721 34.0934 34.8146 35.5359 36.2571 36.9783 37.6996 38.4208 39.1421 39.8633 40.5845 41.3058 42.0270 42.7483 43.4695 44.1908 44.9120 45.6332 46.3545 47.0757 47.7970 48.5182 49.2395 49.9607 50.6819 51.4032 52.1244 52.8457 53.5669 54.2881 55.0094 55.7306 56.4519 57.1731 57.8944 58.6156 59.3368 60.0581 60.7793 61.5006 62.2218 62.9430 63.6643 64.3855 65.1068 65.8280 66.5493 67.2705
# b
-26.8686 -26.1102 -25.3518 -24.5934 -23.8351 -23.0767 -22.3183 -21.5599 -20.8015 -20.0431 -19.2847 -18.5263 -17.7680 -17.0096 -16.2512 -15.4928 -14.7344 -13.9760 -13.2176 -12.4592 -11.7009 -10.9425 -10.1841 -9.4257 -8.6673 -7.9089 -7.1505 -6.3921 -5.6338 -4.8754 -4.1170 -3.3586 -2.6002 -1.8418 -1.0834 -0.3250 0.4333 1.1917 1.9501 2.7085 3.4669 4.2253 4.9837 5.7421 6.5004 7.2588 8.0172 8.7756 9.5340 10.2924
10.2924 11.0136 11.7349 12.4561 13.1774 13.8986 14.6198 15.3411 16.0623 16.7836 17.5048 18.2260 18.9473 19.6685 20.3898 21.1110 21.8323 22.5535 23.2747 23.9960 24.7172 25.4385 26.1597 26.8810 27.6022 28.3234 29.0447 29.7659 30.4872 31.2084 31.9296 32.6509 33.3721 34.0934 34.8146 35.5359 36.2571 36.9783 37.6996 38.4208 39.1421 39.8633 40.5845 41.3058 42.0270 42.7483 43.4695 44.1908 44.9120 45.6332 46.3545 47.0757 47.7970 48.5182 49.2395 49.9607 50.6819 51.4032 52.1244 52.8457 53.5669 54.2881 55.0094 55.7306 56.4519 57.1731 57.8944 58.6156 59.3368 60.0581 60.7793 61.5006 62.2218 62.9430 63.6643 64.3855 65.1068 65.8280 66.5493 67.2705
