# lengths
mu0 25.907300
lambda 69.212100
delta 6.226200
sigma0 11.120100
sigmav 0.143500
alpha 30.000000
beta 0.000000
halted 0.224300
# description
RG1 i 0
CG1 t 0
DG1 b 0
postG1 i 1 t 1 b 1
# i
-25.9073 -25.3551 -24.8030 -24.2508 -23.6986 -23.1465 -22.5943 -22.0421 -21.4900 -20.9378 -20.3856 -19.8335 -19.2813 -18.7291 -18.1770 -17.6248 -17.0726 -16.5204 -15.9683 -15.4161 -14.8639 -14.3118 -13.7596 -13.2074 -12.6553 -12.1031 -11.5509 -10.9988 -10.4466 -9.8944 -9.3423 -8.7901 -8.2379 -7.6858 -7.1336 -6.5814 -6.0293 -5.4771 -4.9249 -4.3728 -3.8206 -3.2684 -2.7163 -2.1641 -1.6119 -1.0598 -0.5076 0.0446 0.5968 1.1489
1.1489 1.6307 2.1125 2.5944 3.0762 3.5580 4.0398 4.5216 5.0034 5.4852 5.9670 6.4489 6.9307 7.4125 7.8943 8.3761 8.8579 9.3397 9.8215 10.3034 10.7852 11.2670 11.7488 12.2306 12.7124 13.1942 13.6760 14.1579 14.6397 15.1215 15.6033 16.0851 16.5669 17.0487 17.5305 18.0124 18.4942 18.9760 19.4578 19.9396 20.4214 20.9032 21.3850 21.8669 22.3487 22.8305 23.3123 23.7941 24.2759 24.7577 25.2395 25.7214 26.2032 26.6850 27.1668 27.6486 28.1304 28.6122 29.0940 29.5759 30.0577 30.5395 31.0213 31.5031 31.9849 32.4667 32.9485 33.4304 33.9122 34.3940 34.8758 35.3576 35.8394 36.3212 36.8030 37.2849 37.7667 38.2485 38.7303 39.2121
# t
-30.0000 -29.3643 -28.7286 -28.0929 -27.4572 -26.8215 -26.1858 -25.5502 -24.9145 -24.2788 -23.6431 -23.0074 -22.3717 -21.7360 -21.1003 -20.4646 -19.8289 -19.1932 -18.5575 -17.9218 -17.2862 -16.6505 -16.0148 -15.3791 -14.7434 -14.1077 -13.4720 -12.8363 -12.2006 -11.5649 -10.9292 -10.2935 -9.6578 -9.0222 -8.3865 -7.7508 -7.1151 -6.4794 -5.8437 -5.2080 -4.5723 -3.9366 -3.3009 -2.6652 -2.0295 -1.3938 -0.7582 -0.1225 0.5132 1.1489
1.1489 1.6307 2.1125 2.5944 3.0762 3.5580 4.0398 4.5216 5.0034 5.4852 5.9670 6.4489 6.9307 7.4125 7.8943 8.3761 8.8579 9.3397 9.8215 10.3034 10.7852 11.2670 11.7488 12.2306 12.7124 13.1942 13.6760 14.1579 14.6397 15.1215 15.6033 16.0851 16.5669 17.0487 17.5305 18.0124 18.4942 18.9760 19.4578 19.9396 20.4214 20.9032 21.3850 21.8669 22.3487 22.8305 23.3123 23.7941 24.2759 24.7577 25.2395 25.7214 26.2032 26.6850 27.1668 27.6486 28.1304 28.6122 29.0940 29.5759 30.0577 30.5395 31.0213 31.5031 31.9849 32.4667 32.9485 33.4304 33.9122 34.3940 34.8758 35.3576 35.8394 36.3212 36.8030 37.2849 37.7667 38.2485 38.7303 39.2121
# b
-36.2262 -35.4634 -34.7007 -33.9379 -33.1752 -32.4124 -31.6497 -30.8869 -30.1241 -29.3614 -28.5986 -27.8359 -27.0731 -26.3104 -25.5476 -24.7848 -24.0221 -23.2593 -22.4966 -21.7338 -20.9710 -20.2083 -19.4455 -18.6828 -17.9200 -17.1573 -16.3945 -15.6317 -14.8690 -14.1062 -13.3435 -12.5807 -11.8180 -11.0552 -10.2924 -9.5297 -8.7669 -8.0042 -7.2414 -6.4787 -5.7159 -4.9531 -4.1904 -3.4276 -2.6649 -1.9021 -1.1394 -0.3766 0.3862 1.1489
1.1489 1.6307 2.1125 2.5944 3.0762 3.5580 4.0398 4.5216 5.0034 5.4852 5.9670 6.4489 6.9307 7.4125 7.8943 8.3761 8.8579 9.3397 9.8215 10.3034 10.7852 11.2670 11.7488 12.2306 12.7124 13.1942 13.6760 14.1579 14.6397 15.1215 15.6033 16.0851 16.5669 17.0487 17.5305 18.0124 18.4942 18.9760 19.4578 19.9396 20.4214 20.9032 21.3850 21.8669 22.3487 22.8305 23.3123 23.7941 24.2759 24.7577 25.2395 25.7214 26.2032 26.6850 27.1668 27.6486 28.1304 28.6122 29.0940 29.5759 30.0577 30.5395 31.0213 31.5031 31.9849 32.4667 32.9485 33.4304 33.9122 34.3940 34.8758 35.3576 35.8394 36.3212 36.8030 37.2849 37.7667 38.2485 38.7303 39.2121
