# lengths
mu0 26.841800
lambda 68.152300
delta 8.305900
sigma0 10.983300
sigmav 0.142500
alpha 26.000000
beta 0.000000
halted 0.224400
# description
RG1 i 0
CG1 t 0
DG1 b 0
postG1 i 1 t 1 b 1
# i
-26.8418 -26.2894 -25.7370 -25.1847 -24.6323 -24.0799 -23.5275 -22.9751 -22.4227 -21.8704 -21.3180 -20.7656 -20.2132 -19.6608 -19.1085 -18.5561 -18.0037 -17.4513 -16.8989 -16.3465 -15.7942 -15.2418 -14.6894 -14.1370 -13.5846 -13.0323 -12.4799 -11.9275 -11.3751 -10.8227 -10.2703 -9.7180 -9.1656 -8.6132 -8.0608 -7.5084 -6.9561 -6.4037 -5.8513 -5.2989 -4.7465 -4.1942 -3.6418 -3.0894 -2.5370 -1.9846 -1.4322 -0.8799 -0.3275 0.2249
0.2249 0.7556 1.2864 1.8171 2.3478 2.8785 3.4093 3.9400 4.4707 5.0014 5.5322 6.0629 6.5936 7.1243 7.6551 8.1858 8.7165 9.2473 9.7780 10.3087 10.8394 11.3702 11.9009 12.4316 12.9623 13.4931 14.0238 14.5545 15.0852 15.6160 16.1467 16.6774 17.2082 17.7389 18.2696 18.8003 19.3311 19.8618 20.3925 20.9232 21.4540 21.9847 22.5154 23.0461 23.5769 24.1076 24.6383 25.1691 25.6998 26.2305 26.7612 27.2920 27.8227 28.3534 28.8841 29.4149 29.9456 30.4763 31.0070 31.5378 32.0685 32.5992 33.1299 33.6607 34.1914 34.7221 35.2529 35.7836 36.3143 36.8450 37.3758 37.9065 38.4372 38.9679 39.4987 40.0294 40.5601 41.0908 41.6216 42.1523
# t
-26.0000 -25.4648 -24.9296 -24.3944 -23.8592 -23.3240 -22.7888 -22.2536 -21.7184 -21.1832 -20.6480 -20.1128 -19.5776 -19.0424 -18.5072 -17.9720 -17.4368 -16.9016 -16.3664 -15.8312 -15.2960 -14.7608 -14.2256 -13.6904 -13.1551 -12.6199 -12.0847 -11.5495 -11.0143 -10.4791 -9.9439 -9.4087 -8.8735 -8.3383 -7.8031 -7.2679 -6.7327 -6.1975 -5.6623 -5.1271 -4.5919 -4.0567 -3.5215 -2.9863 -2.4511 -1.9159 -1.3807 -0.8455 -0.3103 0.2249
0.2249 0.7556 1.2864 1.8171 2.3478 2.8785 3.4093 3.9400 4.4707 5.0014 5.5322 6.0629 6.5936 7.1243 7.6551 8.1858 8.7165 9.2473 9.7780 10.3087 10.8394 11.3702 11.9009 12.4316 12.9623 13.4931 14.0238 14.5545 15.0852 15.6160 16.1467 16.6774 17.2082 17.7389 18.2696 18.8003 19.3311 19.8618 20.3925 20.9232 21.4540 21.9847 22.5154 23.0461 23.5769 24.1076 24.6383 25.1691 25.6998 26.2305 26.7612 27.2920 27.8227 28.3534 28.8841 29.4149 29.9456 30.4763 31.0070 31.5378 32.0685 32.5992 33.1299 33.6607 34.1914 34.7221 35.2529 35.7836 36.3143 36.8450 37.3758 37.9065 38.4372 38.9679 39.4987 40.0294 40.5601 41.0908 41.6216 42.1523
# b
-34.3059 -33.6012 -32.8965 -32.1918 -31.4871 -30.7823 -30.0776 -29.3729 -28.6682 -27.9635 -27.2588 -26.5541 -25.8494 -25.1447 -24.4400 -23.7352 -23.0305 -22.3258 -21.6211 -20.9164 -20.2117 -19.5070 -18.8023 -18.0976 -17.3929 -16.6881 -15.9834 -15.2787 -14.5740 -13.8693 -13.1646 -12.4599 -11.7552 -11.0505 -10.3458 -9.6410 -8.9363 -8.2316 -7.5269 -6.8222 -6.1175 -5.4128 -4.7081 -4.0034 -3.2986 -2.5939 -1.8892 -1.1845 -0.4798 0.2249
0.2249 0.7556 1.2864 1.8171 2.3478 2.8785 3.4093 3.9400 4.4707 5.0014 5.5322 6.0629 6.5936 7.1243 7.6551 8.1858 8.7165 9.2473 9.7780 10.3087 10.8394 11.3702 11.9009 12.4316 12.9623 13.4931 14.0238 14.5545 15.0852 15.6160 16.1467 16.6774 17.2082 17.7389 18.2696 18.8003 19.3311 19.8618 20.3925 20.9232 21.4540 21.9847 22.5154 23.0461 23.5769 24.1076 24.6383 25.1691 25.6998 26.2305 26.7612 27.2920 27.8227 28.3534 28.8841 29.4149 29.9456 30.4763 31.0070 31.5378 32.0685 32.5992 33.1299 33.6607 34.1914 34.7221 35.2529 35.7836 36.3143 36.8450 37.3758 37.9065 38.4372 38.9679 39.4987 40.0294 40.5601 41.0908 41.6216 42.1523
