# lengths
mu0 26.841800
lambda 68.152300
delta 8.305900
sigma0 10.983300
sigmav 0.142500
alpha 0.000000
beta 0.000000
halted 0.224400
# description
RG1 i 0
CG1 t 0
DG1 b 0
postG1 i 1 t 1 b 1
# i
-26.8418 -26.2894 -25.7370 -25.1847 -24.6323 -24.0799 -23.5275 -22.9751 -22.4227 -21.8704 -21.3180 -20.7656 -20.2132 -19.6608 -19.1085 -18.5561 -18.0037 -17.4513 -16.8989 -16.3465 -15.7942 -15.2418 -14.6894 -14.1370 -13.5846 -13.0323 -12.4799 -11.9275 -11.3751 -10.8227 -10.2703 -9.7180 -9.1656 -8.6132 -8.0608 -7.5084 -6.9561 -6.4037 -5.8513 -5.2989 -4.7465 -4.1942 -3.6418 -3.0894 -2.5370 -1.9846 -1.4322 -0.8799 -0.3275 0.2249
0.2249 1.0847 1.9446 2.8044 3.6643 4.5241 5.3839 6.2438 7.1036 7.9635 8.8233 9.6831 10.5430 11.4028 12.2627 13.1225 13.9824 14.8422 15.7020 16.5619 17.4217 18.2816 19.1414 20.0012 20.8611 21.7209 22.5808 23.4406 24.3004 25.1603 26.0201 26.8800 27.7398 28.5996 29.4595 30.3193 31.1792 32.0390 32.8988 33.7587 34.6185 35.4784 36.3382 37.1980 38.0579 38.9177 39.7776 40.6374 41.4972 42.3571 43.2169 44.0768 44.9366 45.7964 46.6563 47.5161 48.3760 49.2358 50.0957 50.9555 51.8153 52.6752 53.5350 54.3949 55.2547 56.1145 56.9744 57.8342 58.6941 59.5539 60.4137 61.2736 62.1334 62.9933 63.8531 64.7129 65.5728 66.4326 67.2925 68.1523
# t
0.0000 0.0046 0.0092 0.0138 0.0184 0.0229 0.0275 0.0321 0.0367 0.0413 0.0459 0.0505 0.0551 0.0597 0.0643 0.0688 0.0734 0.0780 0.0826 0.0872 0.0918 0.0964 0.1010 0.1056 0.1102 0.1147 0.1193 0.1239 0.1285 0.1331 0.1377 0.1423 0.1469 0.1515 0.1561 0.1606 0.1652 0.1698 0.1744 0.1790 0.1836 0.1882 0.1928 0.1974 0.2020 0.2065 0.2111 0.2157 0.2203 0.2249
0.2249 1.0847 1.9446 2.8044 3.6643 4.5241 5.3839 6.2438 7.1036 7.9635 8.8233 9.6831 10.5430 11.4028 12.2627 13.1225 13.9824 14.8422 15.7020 16.5619 17.4217 18.2816 19.1414 20.0012 20.8611 21.7209 22.5808 23.4406 24.3004 25.1603 26.0201 26.8800 27.7398 28.5996 29.4595 30.3193 31.1792 32.0390 32.8988 33.7587 34.6185 35.4784 36.3382 37.1980 38.0579 38.9177 39.7776 40.6374 41.4972 42.3571 43.2169 44.0768 44.9366 45.7964 46.6563 47.5161 48.3760 49.2358 50.0957 50.9555 51.8153 52.6752 53.5350 54.3949 55.2547 56.1145 56.9744 57.8342 58.6941 59.5539 60.4137 61.2736 62.1334 62.9933 63.8531 64.7129 65.5728 66.4326 67.2925 68.1523
# b
-8.3059 -8.1318 -7.9577 -7.7836 -7.6095 -7.4354 -7.2613 -7.0872 -6.9131 -6.7390 -6.5649 -6.3908 -6.2167 -6.0426 -5.8685 -5.6944 -5.5203 -5.3462 -5.1721 -4.9980 -4.8239 -4.6498 -4.4757 -4.3016 -4.1275 -3.9534 -3.7794 -3.6053 -3.4312 -3.2571 -3.0830 -2.9089 -2.7348 -2.5607 -2.3866 -2.2125 -2.0384 -1.8643 -1.6902 -1.5161 -1.3420 -1.1679 -0.9938 -0.8197 -0.6456 -0.4715 -0.2974 -0.1233 0.0508 0.2249
0.2249 1.0847 1.9446 2.8044 3.6643 4.5241 5.3839 6.2438 7.1036 7.9635 8.8233 9.6831 10.5430 11.4028 12.2627 13.1225 13.9824 14.8422 15.7020 16.5619 17.4217 18.2816 19.1414 20.0012 20.8611 21.7209 22.5808 23.4406 24.3004 25.1603 26.0201 26.8800 27.7398 28.5996 29.4595 30.3193 31.1792 32.0390 32.8988 33.7587 34.6185 35.4784 36.3382 37.1980 38.0579 38.9177 39.7776 40.6374 41.4972 42.3571 43.2169 44.0768 44.9366 45.7964 46.6563 47.5161 48.3760 49.2358 50.0957 50.9555 51.8153 52.6752 53.5350 54.3949 55.2547 56.1145 56.9744 57.8342 58.6941 59.5539 60.4137 61.2736 62.1334 62.9933 63.8531 64.7129 65.5728 66.4326 67.2925 68.1523
