# lengths
mu0 26.841800
lambda 68.152300
delta 8.305900
sigma0 10.983300
sigmav 0.142500
alpha 32.000000
beta 0.000000
halted 0.224400
# description
RG1 i 0
CG1 t 0
DG1 b 0
postG1 i 1 t 1 b 1
# i
-26.8418 -26.2894 -25.7370 -25.1847 -24.6323 -24.0799 -23.5275 -22.9751 -22.4227 -21.8704 -21.3180 -20.7656 -20.2132 -19.6608 -19.1085 -18.5561 -18.0037 -17.4513 -16.8989 -16.3465 -15.7942 -15.2418 -14.6894 -14.1370 -13.5846 -13.0323 -12.4799 -11.9275 -11.3751 -10.8227 -10.2703 -9.7180 -9.1656 -8.6132 -8.0608 -7.5084 -6.9561 -6.4037 -5.8513 -5.2989 -4.7465 -4.1942 -3.6418 -3.0894 -2.5370 -1.9846 -1.4322 -0.8799 -0.3275 0.2249
0.2249 0.6797 1.1345 1.5892 2.0440 2.4988 2.9536 3.4083 3.8631 4.3179 4.7727 5.2275 5.6822 6.1370 6.5918 7.0466 7.5013 7.9561 8.4109 8.8657 9.3204 9.7752 10.2300 10.6848 11.1396 11.5943 12.0491 12.5039 12.9587 13.4134 13.8682 14.3230 14.7778 15.2325 15.6873 16.1421 16.5969 17.0517 17.5064 17.9612 18.4160 18.8708 19.3255 19.7803 20.2351 20.6899 21.1447 21.5994 22.0542 22.5090 22.9638 23.4185 23.8733 24.3281 24.7829 25.2376 25.6924 26.1472 26.6020 27.0568 27.5115 27.9663 28.4211 28.8759 29.3306 29.7854 30.2402 30.6950 31.1498 31.6045 32.0593 32.5141 32.9689 33.4236 33.8784 34.3332 34.7880 35.2427 35.6975 36.1523
# t
-32.0000 -31.3423 -30.6847 -30.0270 -29.3694 -28.7117 -28.0541 -27.3964 -26.7388 -26.0811 -25.4235 -24.7658 -24.1082 -23.4505 -22.7929 -22.1352 -21.4776 -20.8199 -20.1623 -19.5046 -18.8470 -18.1893 -17.5317 -16.8740 -16.2164 -15.5587 -14.9011 -14.2434 -13.5858 -12.9281 -12.2705 -11.6128 -10.9552 -10.2975 -9.6399 -8.9822 -8.3246 -7.6669 -7.0093 -6.3516 -5.6940 -5.0363 -4.3787 -3.7210 -3.0634 -2.4057 -1.7481 -1.0904 -0.4327 0.2249
0.2249 0.6797 1.1345 1.5892 2.0440 2.4988 2.9536 3.4083 3.8631 4.3179 4.7727 5.2275 5.6822 6.1370 6.5918 7.0466 7.5013 7.9561 8.4109 8.8657 9.3204 9.7752 10.2300 10.6848 11.1396 11.5943 12.0491 12.5039 12.9587 13.4134 13.8682 14.3230 14.7778 15.2325 15.6873 16.1421 16.5969 17.0517 17.5064 17.9612 18.4160 18.8708 19.3255 19.7803 20.2351 20.6899 21.1447 21.5994 22.0542 22.5090 22.9638 23.4185 23.8733 24.3281 24.7829 25.2376 25.6924 26.1472 26.6020 27.0568 27.5115 27.9663 28.4211 28.8759 29.3306 29.7854 30.2402 30.6950 31.1498 31.6045 32.0593 32.5141 32.9689 33.4236 33.8784 34.3332 34.7880 35.2427 35.6975 36.1523
# b
-40.3059 -39.4787 -38.6516 -37.8244 -36.9973 -36.1701 -35.3429 -34.5158 -33.6886 -32.8615 -32.0343 -31.2071 -30.3800 -29.5528 -28.7257 -27.8985 -27.0714 -26.2442 -25.4170 -24.5899 -23.7627 -22.9356 -22.1084 -21.2812 -20.4541 -19.6269 -18.7998 -17.9726 -17.1454 -16.3183 -15.4911 -14.6640 -13.8368 -13.0096 -12.1825 -11.3553 -10.5282 -9.7010 -8.8738 -8.0467 -7.2195 -6.3924 -5.5652 -4.7381 -3.9109 -3.0837 -2.2566 -1.4294 -0.6023 0.2249
0.2249 0.6797 1.1345 1.5892 2.0440 2.4988 2.9536 3.4083 3.8631 4.3179 4.7727 5.2275 5.6822 6.1370 6.5918 7.0466 7.5013 7.9561 8.4109 8.8657 9.3204 9.7752 10.2300 10.6848 11.1396 11.5943 12.0491 12.5039 12.9587 13.4134 13.8682 14.3230 14.7778 15.2325 15.6873 16.1421 16.5969 17.0517 17.5064 17.9612 18.4160 18.8708 19.3255 19.7803 20.2351 20.6899 21.1447 21.5994 22.0542 22.5090 22.9638 23.4185 23.8733 24.3281 24.7829 25.2376 25.6924 26.1472 26.6020 27.0568 27.5115 27.9663 28.4211 28.8759 29.3306 29.7854 30.2402 30.6950 31.1498 31.6045 32.0593 32.5141 32.9689 33.4236 33.8784 34.3332 34.7880 35.2427 35.6975 36.1523
