# lengths
mu0 26.841800
lambda 68.152300
delta 8.305900
sigma0 10.983300
sigmav 0.142500
alpha 29.000000
beta 0.000000
halted 0.224400
# description
RG1 i 0
CG1 t 0
DG1 b 0
postG1 i 1 t 1 b 1
# i
-26.8418 -26.2894 -25.7370 -25.1847 -24.6323 -24.0799 -23.5275 -22.9751 -22.4227 -21.8704 -21.3180 -20.7656 -20.2132 -19.6608 -19.1085 -18.5561 -18.0037 -17.4513 -16.8989 -16.3465 -15.7942 -15.2418 -14.6894 -14.1370 -13.5846 -13.0323 -12.4799 -11.9275 -11.3751 -10.8227 -10.2703 -9.7180 -9.1656 -8.6132 -8.0608 -7.5084 -6.9561 -6.4037 -5.8513 -5.2989 -4.7465 -4.1942 -3.6418 -3.0894 -2.5370 -1.9846 -1.4322 -0.8799 -0.3275 0.2249
0.2249 0.7177 1.2104 1.7032 2.1959 2.6887 3.1814 3.6742 4.1669 4.6597 5.1524 5.6452 6.1379 6.6307 7.1234 7.6162 8.1089 8.6017 9.0944 9.5872 10.0799 10.5727 11.0654 11.5582 12.0509 12.5437 13.0365 13.5292 14.0220 14.5147 15.0075 15.5002 15.9930 16.4857 16.9785 17.4712 17.9640 18.4567 18.9495 19.4422 19.9350 20.4277 20.9205 21.4132 21.9060 22.3987 22.8915 23.3842 23.8770 24.3697 24.8625 25.3552 25.8480 26.3408 26.8335 27.3263 27.8190 28.3118 28.8045 29.2973 29.7900 30.2828 30.7755 31.2683 31.7610 32.2538 32.7465 33.2393 33.7320 34.2248 34.7175 35.2103 35.7030 36.1958 36.6885 37.1813 37.6740 38.1668 38.6595 39.1523
# t
-29.0000 -28.4036 -27.8071 -27.2107 -26.6143 -26.0179 -25.4214 -24.8250 -24.2286 -23.6322 -23.0357 -22.4393 -21.8429 -21.2465 -20.6500 -20.0536 -19.4572 -18.8607 -18.2643 -17.6679 -17.0715 -16.4750 -15.8786 -15.2822 -14.6858 -14.0893 -13.4929 -12.8965 -12.3001 -11.7036 -11.1072 -10.5108 -9.9143 -9.3179 -8.7215 -8.1251 -7.5286 -6.9322 -6.3358 -5.7394 -5.1429 -4.5465 -3.9501 -3.3537 -2.7572 -2.1608 -1.5644 -0.9680 -0.3715 0.2249
0.2249 0.7177 1.2104 1.7032 2.1959 2.6887 3.1814 3.6742 4.1669 4.6597 5.1524 5.6452 6.1379 6.6307 7.1234 7.6162 8.1089 8.6017 9.0944 9.5872 10.0799 10.5727 11.0654 11.5582 12.0509 12.5437 13.0365 13.5292 14.0220 14.5147 15.0075 15.5002 15.9930 16.4857 16.9785 17.4712 17.9640 18.4567 18.9495 19.4422 19.9350 20.4277 20.9205 21.4132 21.9060 22.3987 22.8915 23.3842 23.8770 24.3697 24.8625 25.3552 25.8480 26.3408 26.8335 27.3263 27.8190 28.3118 28.8045 29.2973 29.7900 30.2828 30.7755 31.2683 31.7610 32.2538 32.7465 33.2393 33.7320 34.2248 34.7175 35.2103 35.7030 36.1958 36.6885 37.1813 37.6740 38.1668 38.6595 39.1523
# b
-37.3059 -36.5400 -35.7740 -35.0081 -34.2422 -33.4762 -32.7103 -31.9444 -31.1784 -30.4125 -29.6466 -28.8806 -28.1147 -27.3487 -26.5828 -25.8169 -25.0509 -24.2850 -23.5191 -22.7531 -21.9872 -21.2213 -20.4553 -19.6894 -18.9235 -18.1575 -17.3916 -16.6257 -15.8597 -15.0938 -14.3279 -13.5619 -12.7960 -12.0301 -11.2641 -10.4982 -9.7322 -8.9663 -8.2004 -7.4344 -6.6685 -5.9026 -5.1366 -4.3707 -3.6048 -2.8388 -2.0729 -1.3070 -0.5410 0.2249
0.2249 0.7177 1.2104 1.7032 2.1959 2.6887 3.1814 3.6742 4.1669 4.6597 5.1524 5.6452 6.1379 6.6307 7.1234 7.6162 8.1089 8.6017 9.0944 9.5872 10.0799 10.5727 11.0654 11.5582 12.0509 12.5437 13.0365 13.5292 14.0220 14.5147 15.0075 15.5002 15.9930 16.4857 16.9785 17.4712 17.9640 18.4567 18.9495 19.4422 19.9350 20.4277 20.9205 21.4132 21.9060 22.3987 22.8915 23.3842 23.8770 24.3697 24.8625 25.3552 25.8480 26.3408 26.8335 27.3263 27.8190 28.3118 28.8045 29.2973 29.7900 30.2828 30.7755 31.2683 31.7610 32.2538 32.7465 33.2393 33.7320 34.2248 34.7175 35.2103 35.7030 36.1958 36.6885 37.1813 37.6740 38.1668 38.6595 39.1523
