# lengths
mu0 26.790100
lambda 68.191400
delta 8.180500
sigma0 10.988500
sigmav 0.142400
alpha 28.000000
beta 0.000000
gamma1 0.004100
gamma2 0.254700
halted 0.224500
# description
RG1 i 0
CG1 t 0
DG1 b 0
postG1 i 1 t 1 b 1
# i
-26.7901 -26.2377 -25.6852 -25.1328 -24.5803 -24.0279 -23.4754 -22.9230 -22.3706 -21.8181 -21.2657 -20.7132 -20.1608 -19.6083 -19.0559 -18.5035 -17.9510 -17.3986 -16.8461 -16.2937 -15.7412 -15.1888 -14.6364 -14.0839 -13.5315 -12.9790 -12.4266 -11.8742 -11.3217 -10.7693 -10.2168 -9.6644 -9.1119 -8.5595 -8.0071 -7.4546 -6.9022 -6.3497 -5.7973 -5.2448 -4.6924 -4.1400 -3.5875 -3.0351 -2.4826 -1.9302 -1.3777 -0.8253 -0.2729 0.2796
0.2796 0.7848 1.2900 1.7952 2.3004 2.8056 3.3109 3.8161 4.3213 4.8265 5.3317 5.8369 6.3421 6.8474 7.3526 7.8578 8.3630 8.8682 9.3734 9.8786 10.3838 10.8891 11.3943 11.8995 12.4047 12.9099 13.4151 13.9203 14.4255 14.9308 15.4360 15.9412 16.4464 16.9516 17.4568 17.9620 18.4672 18.9725 19.4777 19.9829 20.4881 20.9933 21.4985 22.0037 22.5090 23.0142 23.5194 24.0246 24.5298 25.0350 25.5402 26.0454 26.5507 27.0559 27.5611 28.0663 28.5715 29.0767 29.5819 30.0871 30.5924 31.0976 31.6028 32.1080 32.6132 33.1184 33.6236 34.1288 34.6341 35.1393 35.6445 36.1497 36.6549 37.1601 37.6653 38.1705 38.6758 39.1810 39.6862 40.1914
# t
-28.0000 -27.4229 -26.8457 -26.2686 -25.6915 -25.1143 -24.5372 -23.9601 -23.3829 -22.8058 -22.2287 -21.6515 -21.0744 -20.4973 -19.9201 -19.3430 -18.7658 -18.1887 -17.6116 -17.0344 -16.4573 -15.8802 -15.3030 -14.7259 -14.1488 -13.5716 -12.9945 -12.4174 -11.8402 -11.2631 -10.6860 -10.1088 -9.5317 -8.9546 -8.3774 -7.8003 -7.2232 -6.6460 -6.0689 -5.4918 -4.9146 -4.3375 -3.7604 -3.1832 -2.6061 -2.0290 -1.4518 -0.8747 -0.2975 0.2796
0.2796 0.7848 1.2900 1.7952 2.3004 2.8056 3.3109 3.8161 4.3213 4.8265 5.3317 5.8369 6.3421 6.8474 7.3526 7.8578 8.3630 8.8682 9.3734 9.8786 10.3838 10.8891 11.3943 11.8995 12.4047 12.9099 13.4151 13.9203 14.4255 14.9308 15.4360 15.9412 16.4464 16.9516 17.4568 17.9620 18.4672 18.9725 19.4777 19.9829 20.4881 20.9933 21.4985 22.0037 22.5090 23.0142 23.5194 24.0246 24.5298 25.0350 25.5402 26.0454 26.5507 27.0559 27.5611 28.0663 28.5715 29.0767 29.5819 30.0871 30.5924 31.0976 31.6028 32.1080 32.6132 33.1184 33.6236 34.1288 34.6341 35.1393 35.6445 36.1497 36.6549 37.1601 37.6653 38.1705 38.6758 39.1810 39.6862 40.1914
# b
-36.1805 -35.4364 -34.6923 -33.9482 -33.2042 -32.4601 -31.7160 -30.9719 -30.2278 -29.4837 -28.7397 -27.9956 -27.2515 -26.5074 -25.7633 -25.0192 -24.2752 -23.5311 -22.7870 -22.0429 -21.2988 -20.5547 -19.8107 -19.0666 -18.3225 -17.5784 -16.8343 -16.0902 -15.3462 -14.6021 -13.8580 -13.1139 -12.3698 -11.6257 -10.8817 -10.1376 -9.3935 -8.6494 -7.9053 -7.1612 -6.4172 -5.6731 -4.9290 -4.1849 -3.4408 -2.6967 -1.9527 -1.2086 -0.4645 0.2796
0.2796 0.7848 1.2900 1.7952 2.3004 2.8056 3.3109 3.8161 4.3213 4.8265 5.3317 5.8369 6.3421 6.8474 7.3526 7.8578 8.3630 8.8682 9.3734 9.8786 10.3838 10.8891 11.3943 11.8995 12.4047 12.9099 13.4151 13.9203 14.4255 14.9308 15.4360 15.9412 16.4464 16.9516 17.4568 17.9620 18.4672 18.9725 19.4777 19.9829 20.4881 20.9933 21.4985 22.0037 22.5090 23.0142 23.5194 24.0246 24.5298 25.0350 25.5402 26.0454 26.5507 27.0559 27.5611 28.0663 28.5715 29.0767 29.5819 30.0871 30.5924 31.0976 31.6028 32.1080 32.6132 33.1184 33.6236 34.1288 34.6341 35.1393 35.6445 36.1497 36.6549 37.1601 37.6653 38.1705 38.6758 39.1810 39.6862 40.1914
