# lengths
mu0 26.790100
lambda 68.191400
delta 8.180500
sigma0 10.988500
sigmav 0.142400
alpha 22.000000
beta 0.000000
gamma1 0.004100
gamma2 0.254700
halted 0.224500
# description
RG1 i 0
CG1 t 0
DG1 b 0
postG1 i 1 t 1 b 1
# i
-26.7901 -25.3654 -23.9407 -22.5159 -21.0912 -19.6665 -18.2418 -16.8171 -15.3923 -13.9676 -12.5429 -11.1182 -9.6935 -8.2687 -6.8440 -5.4193 -3.9946 -2.5699 -1.1451 0.2796
0.2796 1.2998 2.3201 3.3404 4.3606 5.3809 6.4012 7.4214 8.4417 9.4619 10.4822 11.5025 12.5227 13.5430 14.5633 15.5835 16.6038 17.6240 18.6443 19.6646 20.6848 21.7051 22.7254 23.7456 24.7659 25.7861 26.8064 27.8267 28.8469 29.8672 30.8875 31.9077 32.9280 33.9482 34.9685 35.9888 37.0090 38.0293 39.0496 40.0698 41.0901 42.1103 43.1306 44.1509 45.1711 46.1914
# t
-22.0000 -20.8274 -19.6548 -18.4822 -17.3096 -16.1370 -14.9643 -13.7917 -12.6191 -11.4465 -10.2739 -9.1013 -7.9287 -6.7561 -5.5835 -4.4109 -3.2382 -2.0656 -0.8930 0.2796
0.2796 1.2998 2.3201 3.3404 4.3606 5.3809 6.4012 7.4214 8.4417 9.4619 10.4822 11.5025 12.5227 13.5430 14.5633 15.5835 16.6038 17.6240 18.6443 19.6646 20.6848 21.7051 22.7254 23.7456 24.7659 25.7861 26.8064 27.8267 28.8469 29.8672 30.8875 31.9077 32.9280 33.9482 34.9685 35.9888 37.0090 38.0293 39.0496 40.0698 41.0901 42.1103 43.1306 44.1509 45.1711 46.1914
# b
-30.1805 -28.5773 -26.9742 -25.3710 -23.7679 -22.1647 -20.5615 -18.9584 -17.3552 -15.7520 -14.1489 -12.5457 -10.9426 -9.3394 -7.7362 -6.1331 -4.5299 -2.9267 -1.3236 0.2796
0.2796 1.2998 2.3201 3.3404 4.3606 5.3809 6.4012 7.4214 8.4417 9.4619 10.4822 11.5025 12.5227 13.5430 14.5633 15.5835 16.6038 17.6240 18.6443 19.6646 20.6848 21.7051 22.7254 23.7456 24.7659 25.7861 26.8064 27.8267 28.8469 29.8672 30.8875 31.9077 32.9280 33.9482 34.9685 35.9888 37.0090 38.0293 39.0496 40.0698 41.0901 42.1103 43.1306 44.1509 45.1711 46.1914
