# lengths
mu0 26.790100
lambda 68.191400
delta 8.180500
sigma0 10.988500
sigmav 0.142400
alpha 16.000000
beta 0.000000
gamma1 0.004100
gamma2 0.254700
halted 0.224500
# description
RG1 i 0
CG1 t 0 b 1
Delta b 0
postG1 i 1 t 1 b 2
# i
-26.7901 -26.2377 -25.6852 -25.1328 -24.5803 -24.0279 -23.4754 -22.9230 -22.3706 -21.8181 -21.2657 -20.7132 -20.1608 -19.6083 -19.0559 -18.5035 -17.9510 -17.3986 -16.8461 -16.2937 -15.7412 -15.1888 -14.6364 -14.0839 -13.5315 -12.9790 -12.4266 -11.8742 -11.3217 -10.7693 -10.2168 -9.6644 -9.1119 -8.5595 -8.0071 -7.4546 -6.9022 -6.3497 -5.7973 -5.2448 -4.6924 -4.1400 -3.5875 -3.0351 -2.4826 -1.9302 -1.3777 -0.8253 -0.2729 0.2796
0.2796 0.9367 1.5938 2.2509 2.9080 3.5651 4.2223 4.8794 5.5365 6.1936 6.8507 7.5078 8.1649 8.8220 9.4791 10.1363 10.7934 11.4505 12.1076 12.7647 13.4218 14.0789 14.7360 15.3932 16.0503 16.7074 17.3645 18.0216 18.6787 19.3358 19.9929 20.6500 21.3072 21.9643 22.6214 23.2785 23.9356 24.5927 25.2498 25.9069 26.5640 27.2212 27.8783 28.5354 29.1925 29.8496 30.5067 31.1638 31.8209 32.4781 33.1352 33.7923 34.4494 35.1065 35.7636 36.4207 37.0778 37.7349 38.3921 39.0492 39.7063 40.3634 41.0205 41.6776 42.3347 42.9918 43.6489 44.3061 44.9632 45.6203 46.2774 46.9345 47.5916 48.2487 48.9058 49.5630 50.2201 50.8772 51.5343 52.1914
# t
-16.0000 -15.6678 -15.3355 -15.0033 -14.6711 -14.3388 -14.0066 -13.6743 -13.3421 -13.0099 -12.6776 -12.3454 -12.0132 -11.6809 -11.3487 -11.0165 -10.6842 -10.3520 -10.0197 -9.6875 -9.3553 -9.0230 -8.6908 -8.3586 -8.0263 -7.6941 -7.3619 -7.0296 -6.6974 -6.3651 -6.0329 -5.7007 -5.3684 -5.0362 -4.7040 -4.3717 -4.0395 -3.7073 -3.3750 -3.0428 -2.7105 -2.3783 -2.0461 -1.7138 -1.3816 -1.0494 -0.7171 -0.3849 -0.0527 0.2796
0.2796 0.9367 1.5938 2.2509 2.9080 3.5651 4.2223 4.8794 5.5365 6.1936 6.8507 7.5078 8.1649 8.8220 9.4791 10.1363 10.7934 11.4505 12.1076 12.7647 13.4218 14.0789 14.7360 15.3932 16.0503 16.7074 17.3645 18.0216 18.6787 19.3358 19.9929 20.6500 21.3072 21.9643 22.6214 23.2785 23.9356 24.5927 25.2498 25.9069 26.5640 27.2212 27.8783 28.5354 29.1925 29.8496 30.5067 31.1638 31.8209 32.4781 33.1352 33.7923 34.4494 35.1065 35.7636 36.4207 37.0778 37.7349 38.3921 39.0492 39.7063 40.3634 41.0205 41.6776 42.3347 42.9918 43.6489 44.3061 44.9632 45.6203 46.2774 46.9345 47.5916 48.2487 48.9058 49.5630 50.2201 50.8772 51.5343 52.1914
# b
-24.1805 -23.3625 -22.5444 -21.7264 -20.9083 -20.0903 -19.2722 -18.4542 -17.6361 -16.8180 -16.0000
-16.0000 -15.5826 -15.1651 -14.7477 -14.3303 -13.9129 -13.4954 -13.0780 -12.6606 -12.2432 -11.8257 -11.4083 -10.9909 -10.5735 -10.1560 -9.7386 -9.3212 -8.9038 -8.4863 -8.0689 -7.6515 -7.2341 -6.8166 -6.3992 -5.9818 -5.5644 -5.1469 -4.7295 -4.3121 -3.8947 -3.4772 -3.0598 -2.6424 -2.2250 -1.8075 -1.3901 -0.9727 -0.5553 -0.1378 0.2796
0.2796 0.9367 1.5938 2.2509 2.9080 3.5651 4.2223 4.8794 5.5365 6.1936 6.8507 7.5078 8.1649 8.8220 9.4791 10.1363 10.7934 11.4505 12.1076 12.7647 13.4218 14.0789 14.7360 15.3932 16.0503 16.7074 17.3645 18.0216 18.6787 19.3358 19.9929 20.6500 21.3072 21.9643 22.6214 23.2785 23.9356 24.5927 25.2498 25.9069 26.5640 27.2212 27.8783 28.5354 29.1925 29.8496 30.5067 31.1638 31.8209 32.4781 33.1352 33.7923 34.4494 35.1065 35.7636 36.4207 37.0778 37.7349 38.3921 39.0492 39.7063 40.3634 41.0205 41.6776 42.3347 42.9918 43.6489 44.3061 44.9632 45.6203 46.2774 46.9345 47.5916 48.2487 48.9058 49.5630 50.2201 50.8772 51.5343 52.1914
