# lengths
mu0 26.790100
lambda 68.191400
delta 8.180500
sigma0 10.988500
sigmav 0.142400
alpha 22.000000
beta 0.000000
gamma1 0.004100
gamma2 0.254700
halted 0.224500
# description
RG1 i 0
CG1 t 0
DG1 b 0
postG1 i 1 t 1 b 1
# i
-26.7901 -26.2377 -25.6852 -25.1328 -24.5803 -24.0279 -23.4754 -22.9230 -22.3706 -21.8181 -21.2657 -20.7132 -20.1608 -19.6083 -19.0559 -18.5035 -17.9510 -17.3986 -16.8461 -16.2937 -15.7412 -15.1888 -14.6364 -14.0839 -13.5315 -12.9790 -12.4266 -11.8742 -11.3217 -10.7693 -10.2168 -9.6644 -9.1119 -8.5595 -8.0071 -7.4546 -6.9022 -6.3497 -5.7973 -5.2448 -4.6924 -4.1400 -3.5875 -3.0351 -2.4826 -1.9302 -1.3777 -0.8253 -0.2729 0.2796
0.2796 0.8607 1.4419 2.0231 2.6042 3.1854 3.7666 4.3477 4.9289 5.5100 6.0912 6.6724 7.2535 7.8347 8.4159 8.9970 9.5782 10.1593 10.7405 11.3217 11.9028 12.4840 13.0652 13.6463 14.2275 14.8086 15.3898 15.9710 16.5521 17.1333 17.7145 18.2956 18.8768 19.4579 20.0391 20.6203 21.2014 21.7826 22.3637 22.9449 23.5261 24.1072 24.6884 25.2696 25.8507 26.4319 27.0130 27.5942 28.1754 28.7565 29.3377 29.9189 30.5000 31.0812 31.6623 32.2435 32.8247 33.4058 33.9870 34.5682 35.1493 35.7305 36.3116 36.8928 37.4740 38.0551 38.6363 39.2175 39.7986 40.3798 40.9609 41.5421 42.1233 42.7044 43.2856 43.8668 44.4479 45.0291 45.6102 46.1914
# t
-22.0000 -21.5453 -21.0906 -20.6359 -20.1813 -19.7266 -19.2719 -18.8172 -18.3625 -17.9078 -17.4531 -16.9985 -16.5438 -16.0891 -15.6344 -15.1797 -14.7250 -14.2703 -13.8157 -13.3610 -12.9063 -12.4516 -11.9969 -11.5422 -11.0876 -10.6329 -10.1782 -9.7235 -9.2688 -8.8141 -8.3594 -7.9048 -7.4501 -6.9954 -6.5407 -6.0860 -5.6313 -5.1766 -4.7220 -4.2673 -3.8126 -3.3579 -2.9032 -2.4485 -1.9938 -1.5392 -1.0845 -0.6298 -0.1751 0.2796
0.2796 0.8607 1.4419 2.0231 2.6042 3.1854 3.7666 4.3477 4.9289 5.5100 6.0912 6.6724 7.2535 7.8347 8.4159 8.9970 9.5782 10.1593 10.7405 11.3217 11.9028 12.4840 13.0652 13.6463 14.2275 14.8086 15.3898 15.9710 16.5521 17.1333 17.7145 18.2956 18.8768 19.4579 20.0391 20.6203 21.2014 21.7826 22.3637 22.9449 23.5261 24.1072 24.6884 25.2696 25.8507 26.4319 27.0130 27.5942 28.1754 28.7565 29.3377 29.9189 30.5000 31.0812 31.6623 32.2435 32.8247 33.4058 33.9870 34.5682 35.1493 35.7305 36.3116 36.8928 37.4740 38.0551 38.6363 39.2175 39.7986 40.3798 40.9609 41.5421 42.1233 42.7044 43.2856 43.8668 44.4479 45.0291 45.6102 46.1914
# b
-30.1805 -29.5589 -28.9372 -28.3156 -27.6940 -27.0723 -26.4507 -25.8291 -25.2074 -24.5858 -23.9642 -23.3425 -22.7209 -22.0993 -21.4776 -20.8560 -20.2343 -19.6127 -18.9911 -18.3694 -17.7478 -17.1262 -16.5045 -15.8829 -15.2613 -14.6396 -14.0180 -13.3964 -12.7747 -12.1531 -11.5315 -10.9098 -10.2882 -9.6666 -9.0449 -8.4233 -7.8017 -7.1800 -6.5584 -5.9368 -5.3151 -4.6935 -4.0719 -3.4502 -2.8286 -2.2070 -1.5853 -0.9637 -0.3420 0.2796
0.2796 0.8607 1.4419 2.0231 2.6042 3.1854 3.7666 4.3477 4.9289 5.5100 6.0912 6.6724 7.2535 7.8347 8.4159 8.9970 9.5782 10.1593 10.7405 11.3217 11.9028 12.4840 13.0652 13.6463 14.2275 14.8086 15.3898 15.9710 16.5521 17.1333 17.7145 18.2956 18.8768 19.4579 20.0391 20.6203 21.2014 21.7826 22.3637 22.9449 23.5261 24.1072 24.6884 25.2696 25.8507 26.4319 27.0130 27.5942 28.1754 28.7565 29.3377 29.9189 30.5000 31.0812 31.6623 32.2435 32.8247 33.4058 33.9870 34.5682 35.1493 35.7305 36.3116 36.8928 37.4740 38.0551 38.6363 39.2175 39.7986 40.3798 40.9609 41.5421 42.1233 42.7044 43.2856 43.8668 44.4479 45.0291 45.6102 46.1914
