# lengths
mu0 26.790100
lambda 68.191400
delta 8.180500
sigma0 10.988500
sigmav 0.142400
alpha 28.000000
beta 0.000000
gamma1 0.004100
gamma2 0.254700
halted 0.224500
# description
RG1 i 0
CG1 t 0
DG1 b 0
S i 1 t 1 b 1
G2M i 2 t 2 b 2
# i
-26.7901 -26.2377 -25.6852 -25.1328 -24.5803 -24.0279 -23.4754 -22.9230 -22.3706 -21.8181 -21.2657 -20.7132 -20.1608 -19.6083 -19.0559 -18.5035 -17.9510 -17.3986 -16.8461 -16.2937 -15.7412 -15.1888 -14.6364 -14.0839 -13.5315 -12.9790 -12.4266 -11.8742 -11.3217 -10.7693 -10.2168 -9.6644 -9.1119 -8.5595 -8.0071 -7.4546 -6.9022 -6.3497 -5.7973 -5.2448 -4.6924 -4.1400 -3.5875 -3.0351 -2.4826 -1.9302 -1.3777 -0.8253 -0.2729 0.2796
0.2796 0.6283 0.9771 1.3258 1.6746 2.0233 2.3721 2.7208 3.0696 3.4183 3.7671 4.1158 4.4646 4.8133 5.1621 5.5108 5.8596 6.2083 6.5571 6.9058 7.2546 7.6033 7.9521 8.3008 8.6496 8.9983 9.3471 9.6958 10.0446 10.3933 10.7421 11.0908 11.4396 11.7883 12.1371 12.4858 12.8346 13.1833 13.5321 13.8808 14.2296 14.5783 14.9271 15.2758 15.6246 15.9733 16.3221 16.6708 17.0196 17.3683
17.3683 17.6572 17.9461 18.2350 18.5239 18.8128 19.1017 19.3906 19.6795 19.9684 20.2573 20.5462 20.8351 21.1240 21.4129 21.7018 21.9907 22.2796 22.5685 22.8574 23.1463 23.4352 23.7241 24.0130 24.3019 24.5908 24.8797 25.1686 25.4575 25.7464 26.0353 26.3242 26.6131 26.9020 27.1909 27.4798 27.7687 28.0576 28.3465 28.6354 28.9243 29.2132 29.5021 29.7910 30.0799 30.3688 30.6577 30.9466 31.2355 31.5244 31.8133 32.1022 32.3911 32.6800 32.9689 33.2578 33.5467 33.8356 34.1245 34.4134 34.7023 34.9912 35.2801 35.5690 35.8579 36.1468 36.4357 36.7246 37.0135 37.3024 37.5913 37.8802 38.1691 38.4580 38.7469 39.0358 39.3247 39.6136 39.9025 40.1914
# t
-28.0000 -27.4229 -26.8457 -26.2686 -25.6915 -25.1143 -24.5372 -23.9601 -23.3829 -22.8058 -22.2287 -21.6515 -21.0744 -20.4973 -19.9201 -19.3430 -18.7658 -18.1887 -17.6116 -17.0344 -16.4573 -15.8802 -15.3030 -14.7259 -14.1488 -13.5716 -12.9945 -12.4174 -11.8402 -11.2631 -10.6860 -10.1088 -9.5317 -8.9546 -8.3774 -7.8003 -7.2232 -6.6460 -6.0689 -5.4918 -4.9146 -4.3375 -3.7604 -3.1832 -2.6061 -2.0290 -1.4518 -0.8747 -0.2975 0.2796
0.2796 0.6283 0.9771 1.3258 1.6746 2.0233 2.3721 2.7208 3.0696 3.4183 3.7671 4.1158 4.4646 4.8133 5.1621 5.5108 5.8596 6.2083 6.5571 6.9058 7.2546 7.6033 7.9521 8.3008 8.6496 8.9983 9.3471 9.6958 10.0446 10.3933 10.7421 11.0908 11.4396 11.7883 12.1371 12.4858 12.8346 13.1833 13.5321 13.8808 14.2296 14.5783 14.9271 15.2758 15.6246 15.9733 16.3221 16.6708 17.0196 17.3683
17.3683 17.6572 17.9461 18.2350 18.5239 18.8128 19.1017 19.3906 19.6795 19.9684 20.2573 20.5462 20.8351 21.1240 21.4129 21.7018 21.9907 22.2796 22.5685 22.8574 23.1463 23.4352 23.7241 24.0130 24.3019 24.5908 24.8797 25.1686 25.4575 25.7464 26.0353 26.3242 26.6131 26.9020 27.1909 27.4798 27.7687 28.0576 28.3465 28.6354 28.9243 29.2132 29.5021 29.7910 30.0799 30.3688 30.6577 30.9466 31.2355 31.5244 31.8133 32.1022 32.3911 32.6800 32.9689 33.2578 33.5467 33.8356 34.1245 34.4134 34.7023 34.9912 35.2801 35.5690 35.8579 36.1468 36.4357 36.7246 37.0135 37.3024 37.5913 37.8802 38.1691 38.4580 38.7469 39.0358 39.3247 39.6136 39.9025 40.1914
# b
-36.1805 -35.4364 -34.6923 -33.9482 -33.2042 -32.4601 -31.7160 -30.9719 -30.2278 -29.4837 -28.7397 -27.9956 -27.2515 -26.5074 -25.7633 -25.0192 -24.2752 -23.5311 -22.7870 -22.0429 -21.2988 -20.5547 -19.8107 -19.0666 -18.3225 -17.5784 -16.8343 -16.0902 -15.3462 -14.6021 -13.8580 -13.1139 -12.3698 -11.6257 -10.8817 -10.1376 -9.3935 -8.6494 -7.9053 -7.1612 -6.4172 -5.6731 -4.9290 -4.1849 -3.4408 -2.6967 -1.9527 -1.2086 -0.4645 0.2796
0.2796 0.6283 0.9771 1.3258 1.6746 2.0233 2.3721 2.7208 3.0696 3.4183 3.7671 4.1158 4.4646 4.8133 5.1621 5.5108 5.8596 6.2083 6.5571 6.9058 7.2546 7.6033 7.9521 8.3008 8.6496 8.9983 9.3471 9.6958 10.0446 10.3933 10.7421 11.0908 11.4396 11.7883 12.1371 12.4858 12.8346 13.1833 13.5321 13.8808 14.2296 14.5783 14.9271 15.2758 15.6246 15.9733 16.3221 16.6708 17.0196 17.3683
17.3683 17.6572 17.9461 18.2350 18.5239 18.8128 19.1017 19.3906 19.6795 19.9684 20.2573 20.5462 20.8351 21.1240 21.4129 21.7018 21.9907 22.2796 22.5685 22.8574 23.1463 23.4352 23.7241 24.0130 24.3019 24.5908 24.8797 25.1686 25.4575 25.7464 26.0353 26.3242 26.6131 26.9020 27.1909 27.4798 27.7687 28.0576 28.3465 28.6354 28.9243 29.2132 29.5021 29.7910 30.0799 30.3688 30.6577 30.9466 31.2355 31.5244 31.8133 32.1022 32.3911 32.6800 32.9689 33.2578 33.5467 33.8356 34.1245 34.4134 34.7023 34.9912 35.2801 35.5690 35.8579 36.1468 36.4357 36.7246 37.0135 37.3024 37.5913 37.8802 38.1691 38.4580 38.7469 39.0358 39.3247 39.6136 39.9025 40.1914
