# lengths
mu0 32.485000
lambda 66.067600
delta 23.310800
sigma0 14.658400
sigmav 0.111900
alpha 0.000000
beta 0.000000
# description
RG1 i 0
CG1 t 0
DG1 b 0
postG1 i 1 t 1 b 1
# i
-32.4850 -31.8210 -31.1569 -30.4929 -29.8288 -29.1648 -28.5008 -27.8367 -27.1727 -26.5087 -25.8446 -25.1806 -24.5165 -23.8525 -23.1885 -22.5244 -21.8604 -21.1964 -20.5323 -19.8683 -19.2042 -18.5402 -17.8762 -17.2121 -16.5481 -15.8841 -15.2200 -14.5560 -13.8919 -13.2279 -12.5639 -11.8998 -11.2358 -10.5718 -9.9077 -9.2437 -8.5796 -7.9156 -7.2516 -6.5875 -5.9235 -5.2594 -4.5954 -3.9314 -3.2673 -2.6033 -1.9393 -1.2752 -0.6112 0.0529
0.0529 0.8885 1.7241 2.5597 3.3954 4.2310 5.0666 5.9023 6.7379 7.5735 8.4092 9.2448 10.0804 10.9160 11.7517 12.5873 13.4229 14.2586 15.0942 15.9298 16.7654 17.6011 18.4367 19.2723 20.1080 20.9436 21.7792 22.6149 23.4505 24.2861 25.1217 25.9574 26.7930 27.6286 28.4643 29.2999 30.1355 30.9712 31.8068 32.6424 33.4780 34.3137 35.1493 35.9849 36.8206 37.6562 38.4918 39.3274 40.1631 40.9987 41.8343 42.6700 43.5056 44.3412 45.1769 46.0125 46.8481 47.6837 48.5194 49.3550 50.1906 51.0263 51.8619 52.6975 53.5332 54.3688 55.2044 56.0400 56.8757 57.7113 58.5469 59.3826 60.2182 61.0538 61.8895 62.7251 63.5607 64.3963 65.2320 66.0676
# t
0.0000 0.0011 0.0022 0.0032 0.0043 0.0054 0.0065 0.0076 0.0086 0.0097 0.0108 0.0119 0.0129 0.0140 0.0151 0.0162 0.0173 0.0183 0.0194 0.0205 0.0216 0.0227 0.0237 0.0248 0.0259 0.0270 0.0280 0.0291 0.0302 0.0313 0.0324 0.0334 0.0345 0.0356 0.0367 0.0378 0.0388 0.0399 0.0410 0.0421 0.0431 0.0442 0.0453 0.0464 0.0475 0.0485 0.0496 0.0507 0.0518 0.0529
0.0529 0.8885 1.7241 2.5597 3.3954 4.2310 5.0666 5.9023 6.7379 7.5735 8.4092 9.2448 10.0804 10.9160 11.7517 12.5873 13.4229 14.2586 15.0942 15.9298 16.7654 17.6011 18.4367 19.2723 20.1080 20.9436 21.7792 22.6149 23.4505 24.2861 25.1217 25.9574 26.7930 27.6286 28.4643 29.2999 30.1355 30.9712 31.8068 32.6424 33.4780 34.3137 35.1493 35.9849 36.8206 37.6562 38.4918 39.3274 40.1631 40.9987 41.8343 42.6700 43.5056 44.3412 45.1769 46.0125 46.8481 47.6837 48.5194 49.3550 50.1906 51.0263 51.8619 52.6975 53.5332 54.3688 55.2044 56.0400 56.8757 57.7113 58.5469 59.3826 60.2182 61.0538 61.8895 62.7251 63.5607 64.3963 65.2320 66.0676
# b
-23.3108 -22.8340 -22.3572 -21.8804 -21.4036 -20.9268 -20.4499 -19.9731 -19.4963 -19.0195 -18.5427 -18.0659 -17.5891 -17.1123 -16.6355 -16.1587 -15.6819 -15.2050 -14.7282 -14.2514 -13.7746 -13.2978 -12.8210 -12.3442 -11.8674 -11.3906 -10.9138 -10.4369 -9.9601 -9.4833 -9.0065 -8.5297 -8.0529 -7.5761 -7.0993 -6.6225 -6.1457 -5.6689 -5.1920 -4.7152 -4.2384 -3.7616 -3.2848 -2.8080 -2.3312 -1.8544 -1.3776 -0.9008 -0.4240 0.0529
0.0529 0.8885 1.7241 2.5597 3.3954 4.2310 5.0666 5.9023 6.7379 7.5735 8.4092 9.2448 10.0804 10.9160 11.7517 12.5873 13.4229 14.2586 15.0942 15.9298 16.7654 17.6011 18.4367 19.2723 20.1080 20.9436 21.7792 22.6149 23.4505 24.2861 25.1217 25.9574 26.7930 27.6286 28.4643 29.2999 30.1355 30.9712 31.8068 32.6424 33.4780 34.3137 35.1493 35.9849 36.8206 37.6562 38.4918 39.3274 40.1631 40.9987 41.8343 42.6700 43.5056 44.3412 45.1769 46.0125 46.8481 47.6837 48.5194 49.3550 50.1906 51.0263 51.8619 52.6975 53.5332 54.3688 55.2044 56.0400 56.8757 57.7113 58.5469 59.3826 60.2182 61.0538 61.8895 62.7251 63.5607 64.3963 65.2320 66.0676
