# lengths
mu0 20.146200
lambda 60.209500
delta 10.883800
sigma0 10.632800
sigmav 0.129700
alpha 0.000000
beta 0.000000
halted 0.290300
# description
RG1 i 0
CG1 t 0
DG1 b 0
postG1 i 1 t 1 b 1
# i
-20.1462 -19.7327 -19.3192 -18.9058 -18.4923 -18.0788 -17.6653 -17.2518 -16.8383 -16.4249 -16.0114 -15.5979 -15.1844 -14.7709 -14.3575 -13.9440 -13.5305 -13.1170 -12.7035 -12.2900 -11.8766 -11.4631 -11.0496 -10.6361 -10.2226 -9.8092 -9.3957 -8.9822 -8.5687 -8.1552 -7.7418 -7.3283 -6.9148 -6.5013 -6.0878 -5.6743 -5.2609 -4.8474 -4.4339 -4.0204 -3.6069 -3.1935 -2.7800 -2.3665 -1.9530 -1.5395 -1.1260 -0.7126 -0.2991 0.1144
0.1144 0.8751 1.6358 2.3965 3.1572 3.9179 4.6786 5.4393 6.2000 6.9607 7.7214 8.4821 9.2428 10.0035 10.7642 11.5249 12.2856 13.0463 13.8070 14.5677 15.3283 16.0890 16.8497 17.6104 18.3711 19.1318 19.8925 20.6532 21.4139 22.1746 22.9353 23.6960 24.4567 25.2174 25.9781 26.7388 27.4995 28.2602 29.0209 29.7816 30.5423 31.3030 32.0637 32.8244 33.5851 34.3458 35.1065 35.8672 36.6279 37.3886 38.1493 38.9100 39.6707 40.4314 41.1921 41.9528 42.7135 43.4742 44.2349 44.9956 45.7562 46.5169 47.2776 48.0383 48.7990 49.5597 50.3204 51.0811 51.8418 52.6025 53.3632 54.1239 54.8846 55.6453 56.4060 57.1667 57.9274 58.6881 59.4488 60.2095
# t
0.0000 0.0023 0.0047 0.0070 0.0093 0.0117 0.0140 0.0163 0.0187 0.0210 0.0233 0.0257 0.0280 0.0304 0.0327 0.0350 0.0374 0.0397 0.0420 0.0444 0.0467 0.0490 0.0514 0.0537 0.0560 0.0584 0.0607 0.0630 0.0654 0.0677 0.0700 0.0724 0.0747 0.0770 0.0794 0.0817 0.0840 0.0864 0.0887 0.0911 0.0934 0.0957 0.0981 0.1004 0.1027 0.1051 0.1074 0.1097 0.1121 0.1144
0.1144 0.8751 1.6358 2.3965 3.1572 3.9179 4.6786 5.4393 6.2000 6.9607 7.7214 8.4821 9.2428 10.0035 10.7642 11.5249 12.2856 13.0463 13.8070 14.5677 15.3283 16.0890 16.8497 17.6104 18.3711 19.1318 19.8925 20.6532 21.4139 22.1746 22.9353 23.6960 24.4567 25.2174 25.9781 26.7388 27.4995 28.2602 29.0209 29.7816 30.5423 31.3030 32.0637 32.8244 33.5851 34.3458 35.1065 35.8672 36.6279 37.3886 38.1493 38.9100 39.6707 40.4314 41.1921 41.9528 42.7135 43.4742 44.2349 44.9956 45.7562 46.5169 47.2776 48.0383 48.7990 49.5597 50.3204 51.0811 51.8418 52.6025 53.3632 54.1239 54.8846 55.6453 56.4060 57.1667 57.9274 58.6881 59.4488 60.2095
# b
-10.8838 -10.6593 -10.4349 -10.2104 -9.9860 -9.7615 -9.5371 -9.3126 -9.0882 -8.8637 -8.6393 -8.4148 -8.1904 -7.9659 -7.7415 -7.5170 -7.2926 -7.0681 -6.8436 -6.6192 -6.3947 -6.1703 -5.9458 -5.7214 -5.4969 -5.2725 -5.0480 -4.8236 -4.5991 -4.3747 -4.1502 -3.9258 -3.7013 -3.4769 -3.2524 -3.0279 -2.8035 -2.5790 -2.3546 -2.1301 -1.9057 -1.6812 -1.4568 -1.2323 -1.0079 -0.7834 -0.5590 -0.3345 -0.1101 0.1144
0.1144 0.8751 1.6358 2.3965 3.1572 3.9179 4.6786 5.4393 6.2000 6.9607 7.7214 8.4821 9.2428 10.0035 10.7642 11.5249 12.2856 13.0463 13.8070 14.5677 15.3283 16.0890 16.8497 17.6104 18.3711 19.1318 19.8925 20.6532 21.4139 22.1746 22.9353 23.6960 24.4567 25.2174 25.9781 26.7388 27.4995 28.2602 29.0209 29.7816 30.5423 31.3030 32.0637 32.8244 33.5851 34.3458 35.1065 35.8672 36.6279 37.3886 38.1493 38.9100 39.6707 40.4314 41.1921 41.9528 42.7135 43.4742 44.2349 44.9956 45.7562 46.5169 47.2776 48.0383 48.7990 49.5597 50.3204 51.0811 51.8418 52.6025 53.3632 54.1239 54.8846 55.6453 56.4060 57.1667 57.9274 58.6881 59.4488 60.2095
