# lengths
mu0 20.146200
lambda 60.209500
delta 10.883800
sigma0 10.632800
sigmav 0.129700
alpha 19.000000
beta 0.000000
halted 0.290300
# description
RG1 i 0
CG1 t 0
DG1 b 0
postG1 i 1 t 1 b 1
# i
-20.1462 -19.7327 -19.3192 -18.9058 -18.4923 -18.0788 -17.6653 -17.2518 -16.8383 -16.4249 -16.0114 -15.5979 -15.1844 -14.7709 -14.3575 -13.9440 -13.5305 -13.1170 -12.7035 -12.2900 -11.8766 -11.4631 -11.0496 -10.6361 -10.2226 -9.8092 -9.3957 -8.9822 -8.5687 -8.1552 -7.7418 -7.3283 -6.9148 -6.5013 -6.0878 -5.6743 -5.2609 -4.8474 -4.4339 -4.0204 -3.6069 -3.1935 -2.7800 -2.3665 -1.9530 -1.5395 -1.1260 -0.7126 -0.2991 0.1144
0.1144 0.6346 1.1548 1.6750 2.1952 2.7154 3.2355 3.7557 4.2759 4.7961 5.3163 5.8365 6.3567 6.8769 7.3971 7.9173 8.4375 8.9576 9.4778 9.9980 10.5182 11.0384 11.5586 12.0788 12.5990 13.1192 13.6394 14.1596 14.6798 15.1999 15.7201 16.2403 16.7605 17.2807 17.8009 18.3211 18.8413 19.3615 19.8817 20.4019 20.9220 21.4422 21.9624 22.4826 23.0028 23.5230 24.0432 24.5634 25.0836 25.6038 26.1240 26.6441 27.1643 27.6845 28.2047 28.7249 29.2451 29.7653 30.2855 30.8057 31.3259 31.8461 32.3663 32.8864 33.4066 33.9268 34.4470 34.9672 35.4874 36.0076 36.5278 37.0480 37.5682 38.0884 38.6085 39.1287 39.6489 40.1691 40.6893 41.2095
# t
-19.0000 -18.6099 -18.2198 -17.8297 -17.4396 -17.0496 -16.6595 -16.2694 -15.8793 -15.4892 -15.0991 -14.7090 -14.3189 -13.9288 -13.5387 -13.1487 -12.7586 -12.3685 -11.9784 -11.5883 -11.1982 -10.8081 -10.4180 -10.0279 -9.6378 -9.2478 -8.8577 -8.4676 -8.0775 -7.6874 -7.2973 -6.9072 -6.5171 -6.1270 -5.7369 -5.3469 -4.9568 -4.5667 -4.1766 -3.7865 -3.3964 -3.0063 -2.6162 -2.2261 -1.8361 -1.4460 -1.0559 -0.6658 -0.2757 0.1144
0.1144 0.6346 1.1548 1.6750 2.1952 2.7154 3.2355 3.7557 4.2759 4.7961 5.3163 5.8365 6.3567 6.8769 7.3971 7.9173 8.4375 8.9576 9.4778 9.9980 10.5182 11.0384 11.5586 12.0788 12.5990 13.1192 13.6394 14.1596 14.6798 15.1999 15.7201 16.2403 16.7605 17.2807 17.8009 18.3211 18.8413 19.3615 19.8817 20.4019 20.9220 21.4422 21.9624 22.4826 23.0028 23.5230 24.0432 24.5634 25.0836 25.6038 26.1240 26.6441 27.1643 27.6845 28.2047 28.7249 29.2451 29.7653 30.2855 30.8057 31.3259 31.8461 32.3663 32.8864 33.4066 33.9268 34.4470 34.9672 35.4874 36.0076 36.5278 37.0480 37.5682 38.0884 38.6085 39.1287 39.6489 40.1691 40.6893 41.2095
# b
-29.8838 -29.2716 -28.6594 -28.0472 -27.4350 -26.8228 -26.2106 -25.5983 -24.9861 -24.3739 -23.7617 -23.1495 -22.5373 -21.9251 -21.3129 -20.7007 -20.0885 -19.4763 -18.8641 -18.2518 -17.6396 -17.0274 -16.4152 -15.8030 -15.1908 -14.5786 -13.9664 -13.3542 -12.7420 -12.1298 -11.5176 -10.9053 -10.2931 -9.6809 -9.0687 -8.4565 -7.8443 -7.2321 -6.6199 -6.0077 -5.3955 -4.7833 -4.1711 -3.5589 -2.9466 -2.3344 -1.7222 -1.1100 -0.4978 0.1144
0.1144 0.6346 1.1548 1.6750 2.1952 2.7154 3.2355 3.7557 4.2759 4.7961 5.3163 5.8365 6.3567 6.8769 7.3971 7.9173 8.4375 8.9576 9.4778 9.9980 10.5182 11.0384 11.5586 12.0788 12.5990 13.1192 13.6394 14.1596 14.6798 15.1999 15.7201 16.2403 16.7605 17.2807 17.8009 18.3211 18.8413 19.3615 19.8817 20.4019 20.9220 21.4422 21.9624 22.4826 23.0028 23.5230 24.0432 24.5634 25.0836 25.6038 26.1240 26.6441 27.1643 27.6845 28.2047 28.7249 29.2451 29.7653 30.2855 30.8057 31.3259 31.8461 32.3663 32.8864 33.4066 33.9268 34.4470 34.9672 35.4874 36.0076 36.5278 37.0480 37.5682 38.0884 38.6085 39.1287 39.6489 40.1691 40.6893 41.2095
