# lengths
mu0 20.146200
lambda 60.209500
delta 10.883800
sigma0 10.632800
sigmav 0.129700
alpha 26.000000
beta 0.000000
halted 0.290300
# description
RG1 i 0
CG1 t 0
DG1 b 0
postG1 i 1 t 1 b 1
# i
-20.1462 -19.7327 -19.3192 -18.9058 -18.4923 -18.0788 -17.6653 -17.2518 -16.8383 -16.4249 -16.0114 -15.5979 -15.1844 -14.7709 -14.3575 -13.9440 -13.5305 -13.1170 -12.7035 -12.2900 -11.8766 -11.4631 -11.0496 -10.6361 -10.2226 -9.8092 -9.3957 -8.9822 -8.5687 -8.1552 -7.7418 -7.3283 -6.9148 -6.5013 -6.0878 -5.6743 -5.2609 -4.8474 -4.4339 -4.0204 -3.6069 -3.1935 -2.7800 -2.3665 -1.9530 -1.5395 -1.1260 -0.7126 -0.2991 0.1144
0.1144 0.5460 0.9776 1.4091 1.8407 2.2723 2.7039 3.1355 3.5671 3.9987 4.4302 4.8618 5.2934 5.7250 6.1566 6.5882 7.0197 7.4513 7.8829 8.3145 8.7461 9.1777 9.6092 10.0408 10.4724 10.9040 11.3356 11.7672 12.1987 12.6303 13.0619 13.4935 13.9251 14.3567 14.7882 15.2198 15.6514 16.0830 16.5146 16.9462 17.3777 17.8093 18.2409 18.6725 19.1041 19.5357 19.9672 20.3988 20.8304 21.2620 21.6936 22.1252 22.5567 22.9883 23.4199 23.8515 24.2831 24.7147 25.1462 25.5778 26.0094 26.4410 26.8726 27.3042 27.7357 28.1673 28.5989 29.0305 29.4621 29.8937 30.3252 30.7568 31.1884 31.6200 32.0516 32.4832 32.9147 33.3463 33.7779 34.2095
# t
-26.0000 -25.4671 -24.9341 -24.4012 -23.8682 -23.3353 -22.8023 -22.2694 -21.7364 -21.2035 -20.6705 -20.1376 -19.6046 -19.0717 -18.5387 -18.0058 -17.4728 -16.9399 -16.4070 -15.8740 -15.3411 -14.8081 -14.2752 -13.7422 -13.2093 -12.6763 -12.1434 -11.6104 -11.0775 -10.5445 -10.0116 -9.4786 -8.9457 -8.4128 -7.8798 -7.3469 -6.8139 -6.2810 -5.7480 -5.2151 -4.6821 -4.1492 -3.6162 -3.0833 -2.5503 -2.0174 -1.4844 -0.9515 -0.4185 0.1144
0.1144 0.5460 0.9776 1.4091 1.8407 2.2723 2.7039 3.1355 3.5671 3.9987 4.4302 4.8618 5.2934 5.7250 6.1566 6.5882 7.0197 7.4513 7.8829 8.3145 8.7461 9.1777 9.6092 10.0408 10.4724 10.9040 11.3356 11.7672 12.1987 12.6303 13.0619 13.4935 13.9251 14.3567 14.7882 15.2198 15.6514 16.0830 16.5146 16.9462 17.3777 17.8093 18.2409 18.6725 19.1041 19.5357 19.9672 20.3988 20.8304 21.2620 21.6936 22.1252 22.5567 22.9883 23.4199 23.8515 24.2831 24.7147 25.1462 25.5778 26.0094 26.4410 26.8726 27.3042 27.7357 28.1673 28.5989 29.0305 29.4621 29.8937 30.3252 30.7568 31.1884 31.6200 32.0516 32.4832 32.9147 33.3463 33.7779 34.2095
# b
-36.8838 -36.1287 -35.3737 -34.6186 -33.8635 -33.1085 -32.3534 -31.5983 -30.8433 -30.0882 -29.3331 -28.5781 -27.8230 -27.0680 -26.3129 -25.5578 -24.8028 -24.0477 -23.2926 -22.5376 -21.7825 -21.0274 -20.2724 -19.5173 -18.7622 -18.0072 -17.2521 -16.4970 -15.7420 -14.9869 -14.2318 -13.4768 -12.7217 -11.9666 -11.2116 -10.4565 -9.7015 -8.9464 -8.1913 -7.4363 -6.6812 -5.9261 -5.1711 -4.4160 -3.6609 -2.9059 -2.1508 -1.3957 -0.6407 0.1144
0.1144 0.5460 0.9776 1.4091 1.8407 2.2723 2.7039 3.1355 3.5671 3.9987 4.4302 4.8618 5.2934 5.7250 6.1566 6.5882 7.0197 7.4513 7.8829 8.3145 8.7461 9.1777 9.6092 10.0408 10.4724 10.9040 11.3356 11.7672 12.1987 12.6303 13.0619 13.4935 13.9251 14.3567 14.7882 15.2198 15.6514 16.0830 16.5146 16.9462 17.3777 17.8093 18.2409 18.6725 19.1041 19.5357 19.9672 20.3988 20.8304 21.2620 21.6936 22.1252 22.5567 22.9883 23.4199 23.8515 24.2831 24.7147 25.1462 25.5778 26.0094 26.4410 26.8726 27.3042 27.7357 28.1673 28.5989 29.0305 29.4621 29.8937 30.3252 30.7568 31.1884 31.6200 32.0516 32.4832 32.9147 33.3463 33.7779 34.2095
