# lengths
mu0 20.151000
lambda 60.209300
delta 10.895300
sigma0 10.631000
sigmav 0.129700
alpha 20.000000
beta 0.000000
gamma1 0.001700
gamma2 0.283700
halted 0.290600
# description
RG1 i 0
CG1 t 0
DG1 b 0
postG1 i 1 t 1 b 1
# i
-20.1510 -19.0850 -18.0191 -16.9531 -15.8871 -14.8212 -13.7552 -12.6892 -11.6233 -10.5573 -9.4913 -8.4254 -7.3594 -6.2934 -5.2275 -4.1615 -3.0955 -2.0296 -0.9636 0.1024
0.1024 0.9936 1.8849 2.7762 3.6674 4.5587 5.4499 6.3412 7.2325 8.1237 9.0150 9.9063 10.7975 11.6888 12.5801 13.4713 14.3626 15.2539 16.1451 17.0364 17.9277 18.8189 19.7102 20.6015 21.4927 22.3840 23.2753 24.1665 25.0578 25.9491 26.8403 27.7316 28.6228 29.5141 30.4054 31.2966 32.1879 33.0792 33.9704 34.8617 35.7530 36.6442 37.5355 38.4268 39.3180 40.2093
# t
-20.0000 -18.9420 -17.8840 -16.8259 -15.7679 -14.7099 -13.6519 -12.5939 -11.5359 -10.4778 -9.4198 -8.3618 -7.3038 -6.2458 -5.1877 -4.1297 -3.0717 -2.0137 -0.9557 0.1024
0.1024 0.9936 1.8849 2.7762 3.6674 4.5587 5.4499 6.3412 7.2325 8.1237 9.0150 9.9063 10.7975 11.6888 12.5801 13.4713 14.3626 15.2539 16.1451 17.0364 17.9277 18.8189 19.7102 20.6015 21.4927 22.3840 23.2753 24.1665 25.0578 25.9491 26.8403 27.7316 28.6228 29.5141 30.4054 31.2966 32.1879 33.0792 33.9704 34.8617 35.7530 36.6442 37.5355 38.4268 39.3180 40.2093
# b
-30.8953 -29.2638 -27.6324 -26.0009 -24.3695 -22.7380 -21.1066 -19.4751 -17.8437 -16.2122 -14.5807 -12.9493 -11.3178 -9.6864 -8.0549 -6.4235 -4.7920 -3.1606 -1.5291 0.1024
0.1024 0.9936 1.8849 2.7762 3.6674 4.5587 5.4499 6.3412 7.2325 8.1237 9.0150 9.9063 10.7975 11.6888 12.5801 13.4713 14.3626 15.2539 16.1451 17.0364 17.9277 18.8189 19.7102 20.6015 21.4927 22.3840 23.2753 24.1665 25.0578 25.9491 26.8403 27.7316 28.6228 29.5141 30.4054 31.2966 32.1879 33.0792 33.9704 34.8617 35.7530 36.6442 37.5355 38.4268 39.3180 40.2093
