# lengths
mu0 20.151000
lambda 60.209300
delta 10.895300
sigma0 10.631000
sigmav 0.129700
alpha 22.000000
beta 0.000000
gamma1 0.001700
gamma2 0.283700
halted 0.290600
# description
RG1 i 0
CG1 t 0
DG1 b 0
S i 1 t 1 b 1
G2M i 2 t 2 b 2
# i
-20.1510 -19.7377 -19.3243 -18.9110 -18.4977 -18.0843 -17.6710 -17.2577 -16.8443 -16.4310 -16.0177 -15.6043 -15.1910 -14.7777 -14.3643 -13.9510 -13.5377 -13.1243 -12.7110 -12.2977 -11.8843 -11.4710 -11.0577 -10.6443 -10.2310 -9.8177 -9.4043 -8.9910 -8.5777 -8.1643 -7.7510 -7.3377 -6.9243 -6.5110 -6.0977 -5.6843 -5.2710 -4.8576 -4.4443 -4.0310 -3.6176 -3.2043 -2.7910 -2.3776 -1.9643 -1.5510 -1.1376 -0.7243 -0.3110 0.1024
0.1024 0.4489 0.7954 1.1419 1.4884 1.8349 2.1814 2.5279 2.8744 3.2210 3.5675 3.9140 4.2605 4.6070 4.9535 5.3000 5.6465 5.9930 6.3395 6.6861 7.0326 7.3791 7.7256 8.0721 8.4186 8.7651 9.1116 9.4581 9.8047 10.1512 10.4977 10.8442 11.1907 11.5372 11.8837 12.2302 12.5767 12.9233 13.2698 13.6163 13.9628 14.3093 14.6558 15.0023 15.3488 15.6953 16.0418 16.3884 16.7349 17.0814
17.0814 17.3488 17.6163 17.8837 18.1511 18.4186 18.6860 18.9535 19.2209 19.4884 19.7558 20.0232 20.2907 20.5581 20.8256 21.0930 21.3605 21.6279 21.8953 22.1628 22.4302 22.6977 22.9651 23.2325 23.5000 23.7674 24.0349 24.3023 24.5698 24.8372 25.1046 25.3721 25.6395 25.9070 26.1744 26.4419 26.7093 26.9767 27.2442 27.5116 27.7791 28.0465 28.3139 28.5814 28.8488 29.1163 29.3837 29.6512 29.9186 30.1860 30.4535 30.7209 30.9884 31.2558 31.5232 31.7907 32.0581 32.3256 32.5930 32.8605 33.1279 33.3953 33.6628 33.9302 34.1977 34.4651 34.7326 35.0000 35.2674 35.5349 35.8023 36.0698 36.3372 36.6046 36.8721 37.1395 37.4070 37.6744 37.9419 38.2093
# t
-22.0000 -21.5489 -21.0979 -20.6468 -20.1957 -19.7447 -19.2936 -18.8425 -18.3915 -17.9404 -17.4893 -17.0382 -16.5872 -16.1361 -15.6850 -15.2340 -14.7829 -14.3318 -13.8808 -13.4297 -12.9786 -12.5276 -12.0765 -11.6254 -11.1744 -10.7233 -10.2722 -9.8212 -9.3701 -8.9190 -8.4679 -8.0169 -7.5658 -7.1147 -6.6637 -6.2126 -5.7615 -5.3105 -4.8594 -4.4083 -3.9573 -3.5062 -3.0551 -2.6041 -2.1530 -1.7019 -1.2508 -0.7998 -0.3487 0.1024
0.1024 0.4489 0.7954 1.1419 1.4884 1.8349 2.1814 2.5279 2.8744 3.2210 3.5675 3.9140 4.2605 4.6070 4.9535 5.3000 5.6465 5.9930 6.3395 6.6861 7.0326 7.3791 7.7256 8.0721 8.4186 8.7651 9.1116 9.4581 9.8047 10.1512 10.4977 10.8442 11.1907 11.5372 11.8837 12.2302 12.5767 12.9233 13.2698 13.6163 13.9628 14.3093 14.6558 15.0023 15.3488 15.6953 16.0418 16.3884 16.7349 17.0814
17.0814 17.3488 17.6163 17.8837 18.1511 18.4186 18.6860 18.9535 19.2209 19.4884 19.7558 20.0232 20.2907 20.5581 20.8256 21.0930 21.3605 21.6279 21.8953 22.1628 22.4302 22.6977 22.9651 23.2325 23.5000 23.7674 24.0349 24.3023 24.5698 24.8372 25.1046 25.3721 25.6395 25.9070 26.1744 26.4419 26.7093 26.9767 27.2442 27.5116 27.7791 28.0465 28.3139 28.5814 28.8488 29.1163 29.3837 29.6512 29.9186 30.1860 30.4535 30.7209 30.9884 31.2558 31.5232 31.7907 32.0581 32.3256 32.5930 32.8605 33.1279 33.3953 33.6628 33.9302 34.1977 34.4651 34.7326 35.0000 35.2674 35.5349 35.8023 36.0698 36.3372 36.6046 36.8721 37.1395 37.4070 37.6744 37.9419 38.2093
# b
-32.8953 -32.2219 -31.5485 -30.8750 -30.2016 -29.5282 -28.8548 -28.1813 -27.5079 -26.8345 -26.1611 -25.4877 -24.8142 -24.1408 -23.4674 -22.7940 -22.1206 -21.4471 -20.7737 -20.1003 -19.4269 -18.7534 -18.0800 -17.4066 -16.7332 -16.0598 -15.3863 -14.7129 -14.0395 -13.3661 -12.6927 -12.0192 -11.3458 -10.6724 -9.9990 -9.3255 -8.6521 -7.9787 -7.3053 -6.6319 -5.9584 -5.2850 -4.6116 -3.9382 -3.2648 -2.5913 -1.9179 -1.2445 -0.5711 0.1024
0.1024 0.4489 0.7954 1.1419 1.4884 1.8349 2.1814 2.5279 2.8744 3.2210 3.5675 3.9140 4.2605 4.6070 4.9535 5.3000 5.6465 5.9930 6.3395 6.6861 7.0326 7.3791 7.7256 8.0721 8.4186 8.7651 9.1116 9.4581 9.8047 10.1512 10.4977 10.8442 11.1907 11.5372 11.8837 12.2302 12.5767 12.9233 13.2698 13.6163 13.9628 14.3093 14.6558 15.0023 15.3488 15.6953 16.0418 16.3884 16.7349 17.0814
17.0814 17.3488 17.6163 17.8837 18.1511 18.4186 18.6860 18.9535 19.2209 19.4884 19.7558 20.0232 20.2907 20.5581 20.8256 21.0930 21.3605 21.6279 21.8953 22.1628 22.4302 22.6977 22.9651 23.2325 23.5000 23.7674 24.0349 24.3023 24.5698 24.8372 25.1046 25.3721 25.6395 25.9070 26.1744 26.4419 26.7093 26.9767 27.2442 27.5116 27.7791 28.0465 28.3139 28.5814 28.8488 29.1163 29.3837 29.6512 29.9186 30.1860 30.4535 30.7209 30.9884 31.2558 31.5232 31.7907 32.0581 32.3256 32.5930 32.8605 33.1279 33.3953 33.6628 33.9302 34.1977 34.4651 34.7326 35.0000 35.2674 35.5349 35.8023 36.0698 36.3372 36.6046 36.8721 37.1395 37.4070 37.6744 37.9419 38.2093
