# lengths
mu0 20.151000
lambda 60.209300
delta 10.895300
sigma0 10.631000
sigmav 0.129700
alpha 20.000000
beta 0.000000
gamma1 0.001700
gamma2 0.283700
halted 0.290600
# description
RG1 i 0
CG1 t 0 b 1
Delta b 0
postG1 i 1 t 1 b 2
# i
-20.1510 -19.7377 -19.3243 -18.9110 -18.4977 -18.0843 -17.6710 -17.2577 -16.8443 -16.4310 -16.0177 -15.6043 -15.1910 -14.7777 -14.3643 -13.9510 -13.5377 -13.1243 -12.7110 -12.2977 -11.8843 -11.4710 -11.0577 -10.6443 -10.2310 -9.8177 -9.4043 -8.9910 -8.5777 -8.1643 -7.7510 -7.3377 -6.9243 -6.5110 -6.0977 -5.6843 -5.2710 -4.8576 -4.4443 -4.0310 -3.6176 -3.2043 -2.7910 -2.3776 -1.9643 -1.5510 -1.1376 -0.7243 -0.3110 0.1024
0.1024 0.6100 1.1177 1.6254 2.1331 2.6408 3.1485 3.6561 4.1638 4.6715 5.1792 5.6869 6.1945 6.7022 7.2099 7.7176 8.2253 8.7330 9.2406 9.7483 10.2560 10.7637 11.2714 11.7791 12.2867 12.7944 13.3021 13.8098 14.3175 14.8252 15.3328 15.8405 16.3482 16.8559 17.3636 17.8713 18.3789 18.8866 19.3943 19.9020 20.4097 20.9174 21.4250 21.9327 22.4404 22.9481 23.4558 23.9634 24.4711 24.9788 25.4865 25.9942 26.5019 27.0095 27.5172 28.0249 28.5326 29.0403 29.5480 30.0556 30.5633 31.0710 31.5787 32.0864 32.5941 33.1017 33.6094 34.1171 34.6248 35.1325 35.6402 36.1478 36.6555 37.1632 37.6709 38.1786 38.6863 39.1939 39.7016 40.2093
# t
-20.0000 -19.5897 -19.1795 -18.7692 -18.3590 -17.9487 -17.5385 -17.1282 -16.7180 -16.3077 -15.8975 -15.4872 -15.0770 -14.6667 -14.2565 -13.8462 -13.4360 -13.0257 -12.6155 -12.2052 -11.7950 -11.3847 -10.9745 -10.5642 -10.1539 -9.7437 -9.3334 -8.9232 -8.5129 -8.1027 -7.6924 -7.2822 -6.8719 -6.4617 -6.0514 -5.6412 -5.2309 -4.8207 -4.4104 -4.0002 -3.5899 -3.1797 -2.7694 -2.3592 -1.9489 -1.5387 -1.1284 -0.7181 -0.3079 0.1024
0.1024 0.6100 1.1177 1.6254 2.1331 2.6408 3.1485 3.6561 4.1638 4.6715 5.1792 5.6869 6.1945 6.7022 7.2099 7.7176 8.2253 8.7330 9.2406 9.7483 10.2560 10.7637 11.2714 11.7791 12.2867 12.7944 13.3021 13.8098 14.3175 14.8252 15.3328 15.8405 16.3482 16.8559 17.3636 17.8713 18.3789 18.8866 19.3943 19.9020 20.4097 20.9174 21.4250 21.9327 22.4404 22.9481 23.4558 23.9634 24.4711 24.9788 25.4865 25.9942 26.5019 27.0095 27.5172 28.0249 28.5326 29.0403 29.5480 30.0556 30.5633 31.0710 31.5787 32.0864 32.5941 33.1017 33.6094 34.1171 34.6248 35.1325 35.6402 36.1478 36.6555 37.1632 37.6709 38.1786 38.6863 39.1939 39.7016 40.2093
# b
-30.8953 -29.8058 -28.7162 -27.6267 -26.5372 -25.4476 -24.3581 -23.2686 -22.1791 -21.0895 -20.0000
-20.0000 -19.5897 -19.1795 -18.7692 -18.3590 -17.9487 -17.5385 -17.1282 -16.7180 -16.3077 -15.8975 -15.4872 -15.0770 -14.6667 -14.2565 -13.8462 -13.4360 -13.0257 -12.6155 -12.2052 -11.7950 -11.3847 -10.9745 -10.5642 -10.1539 -9.7437 -9.3334 -8.9232 -8.5129 -8.1027 -7.6924 -7.2822 -6.8719 -6.4617 -6.0514 -5.6412 -5.2309 -4.8207 -4.4104 -4.0002 -3.5899 -3.1797 -2.7694 -2.3592 -1.9489 -1.5387 -1.1284 -0.7181 -0.3079 0.1024
0.1024 0.6100 1.1177 1.6254 2.1331 2.6408 3.1485 3.6561 4.1638 4.6715 5.1792 5.6869 6.1945 6.7022 7.2099 7.7176 8.2253 8.7330 9.2406 9.7483 10.2560 10.7637 11.2714 11.7791 12.2867 12.7944 13.3021 13.8098 14.3175 14.8252 15.3328 15.8405 16.3482 16.8559 17.3636 17.8713 18.3789 18.8866 19.3943 19.9020 20.4097 20.9174 21.4250 21.9327 22.4404 22.9481 23.4558 23.9634 24.4711 24.9788 25.4865 25.9942 26.5019 27.0095 27.5172 28.0249 28.5326 29.0403 29.5480 30.0556 30.5633 31.0710 31.5787 32.0864 32.5941 33.1017 33.6094 34.1171 34.6248 35.1325 35.6402 36.1478 36.6555 37.1632 37.6709 38.1786 38.6863 39.1939 39.7016 40.2093
