# lengths
mu0 23.409800
lambda 77.133700
delta 5.549500
sigma0 14.123600
sigmav 0.155700
alpha 0.000000
beta 8.446140
# description
RG1 i 0
CG1 t 0
DG1 b 0
postG1 i 1 t 1 b 1
# i
-23.4098 -22.8306 -22.2514 -21.6722 -21.0930 -20.5138 -19.9346 -19.3554 -18.7762 -18.1970 -17.6178 -17.0386 -16.4594 -15.8802 -15.3010 -14.7218 -14.1426 -13.5634 -12.9842 -12.4050 -11.8258 -11.2466 -10.6674 -10.0882 -9.5090 -8.9298 -8.3506 -7.7714 -7.1922 -6.6130 -6.0338 -5.4546 -4.8754 -4.2962 -3.7170 -3.1378 -2.5586 -1.9794 -1.4002 -0.8210 -0.2418 0.3374 0.9166 1.4958 2.0750 2.6542 3.2333 3.8125 4.3917 4.9709 5.5501 6.1293 6.7085 7.2877 7.8669 8.4461
8.4461 9.2093 9.9725 10.7357 11.4989 12.2621 13.0253 13.7885 14.5517 15.3149 16.0781 16.8413 17.6045 18.3677 19.1309 19.8941 20.6573 21.4205 22.1837 22.9468 23.7100 24.4732 25.2364 25.9996 26.7628 27.5260 28.2892 29.0524 29.8156 30.5788 31.3420 32.1052 32.8684 33.6316 34.3948 35.1580 35.9212 36.6844 37.4476 38.2107 38.9739 39.7371 40.5003 41.2635 42.0267 42.7899 43.5531 44.3163 45.0795 45.8427 46.6059 47.3691 48.1323 48.8955 49.6587 50.4219 51.1851 51.9483 52.7115 53.4747 54.2378 55.0010 55.7642 56.5274 57.2906 58.0538 58.8170 59.5802 60.3434 61.1066 61.8698 62.6330 63.3962 64.1594 64.9226 65.6858 66.4490 67.2122 67.9754 68.7386 69.5017 70.2649 71.0281 71.7913 72.5545 73.3177 74.0809 74.8441 75.6073 76.3705 77.1337
# t
0.0000 0.3378 0.6757 1.0135 1.3514 1.6892 2.0271 2.3649 2.7028 3.0406 3.3785 3.7163 4.0541 4.3920 4.7298 5.0677 5.4055 5.7434 6.0812 6.4191 6.7569 7.0948 7.4326 7.7704 8.1083 8.4461
8.4461 9.2093 9.9725 10.7357 11.4989 12.2621 13.0253 13.7885 14.5517 15.3149 16.0781 16.8413 17.6045 18.3677 19.1309 19.8941 20.6573 21.4205 22.1837 22.9468 23.7100 24.4732 25.2364 25.9996 26.7628 27.5260 28.2892 29.0524 29.8156 30.5788 31.3420 32.1052 32.8684 33.6316 34.3948 35.1580 35.9212 36.6844 37.4476 38.2107 38.9739 39.7371 40.5003 41.2635 42.0267 42.7899 43.5531 44.3163 45.0795 45.8427 46.6059 47.3691 48.1323 48.8955 49.6587 50.4219 51.1851 51.9483 52.7115 53.4747 54.2378 55.0010 55.7642 56.5274 57.2906 58.0538 58.8170 59.5802 60.3434 61.1066 61.8698 62.6330 63.3962 64.1594 64.9226 65.6858 66.4490 67.2122 67.9754 68.7386 69.5017 70.2649 71.0281 71.7913 72.5545 73.3177 74.0809 74.8441 75.6073 76.3705 77.1337
# b
-5.5495 -5.1996 -4.8497 -4.4998 -4.1499 -3.8000 -3.4502 -3.1003 -2.7504 -2.4005 -2.0506 -1.7007 -1.3508 -1.0009 -0.6510 -0.3011 0.0488 0.3986 0.7485 1.0984 1.4483 1.7982 2.1481 2.4980 2.8479 3.1978 3.5477 3.8976 4.2474 4.5973 4.9472 5.2971 5.6470 5.9969 6.3468 6.6967 7.0466 7.3965 7.7464 8.0962 8.4461
8.4461 9.2093 9.9725 10.7357 11.4989 12.2621 13.0253 13.7885 14.5517 15.3149 16.0781 16.8413 17.6045 18.3677 19.1309 19.8941 20.6573 21.4205 22.1837 22.9468 23.7100 24.4732 25.2364 25.9996 26.7628 27.5260 28.2892 29.0524 29.8156 30.5788 31.3420 32.1052 32.8684 33.6316 34.3948 35.1580 35.9212 36.6844 37.4476 38.2107 38.9739 39.7371 40.5003 41.2635 42.0267 42.7899 43.5531 44.3163 45.0795 45.8427 46.6059 47.3691 48.1323 48.8955 49.6587 50.4219 51.1851 51.9483 52.7115 53.4747 54.2378 55.0010 55.7642 56.5274 57.2906 58.0538 58.8170 59.5802 60.3434 61.1066 61.8698 62.6330 63.3962 64.1594 64.9226 65.6858 66.4490 67.2122 67.9754 68.7386 69.5017 70.2649 71.0281 71.7913 72.5545 73.3177 74.0809 74.8441 75.6073 76.3705 77.1337
