# lengths
mu0 17.224500
lambda 63.728600
delta 4.931400
sigma0 10.521400
sigmav 0.142500
alpha 17.000000
beta 0.000000
halted 0.296000
# description
RG1 i 0
CG1 t 0
DG1 b 0
postG1 i 1 t 1 b 1
# i
-17.2245 -16.8176 -16.4106 -16.0037 -15.5968 -15.1899 -14.7829 -14.3760 -13.9691 -13.5622 -13.1552 -12.7483 -12.3414 -11.9345 -11.5275 -11.1206 -10.7137 -10.3068 -9.8998 -9.4929 -9.0860 -8.6791 -8.2721 -7.8652 -7.4583 -7.0514 -6.6444 -6.2375 -5.8306 -5.4237 -5.0167 -4.6098 -4.2029 -3.7960 -3.3890 -2.9821 -2.5752 -2.1683 -1.7613 -1.3544 -0.9475 -0.5406 -0.1336 0.2733 0.6802 1.0871 1.4941 1.9010 2.3079 2.7148
2.7148 3.2720 3.8291 4.3862 4.9434 5.5005 6.0577 6.6148 7.1719 7.7291 8.2862 8.8433 9.4005 9.9576 10.5147 11.0719 11.6290 12.1862 12.7433 13.3004 13.8576 14.4147 14.9718 15.5290 16.0861 16.6432 17.2004 17.7575 18.3147 18.8718 19.4289 19.9861 20.5432 21.1003 21.6575 22.2146 22.7717 23.3289 23.8860 24.4432 25.0003 25.5574 26.1146 26.6717 27.2288 27.7860 28.3431 28.9002 29.4574 30.0145 30.5716 31.1288 31.6859 32.2431 32.8002 33.3573 33.9145 34.4716 35.0287 35.5859 36.1430 36.7001 37.2573 37.8144 38.3716 38.9287 39.4858 40.0430 40.6001 41.1572 41.7144 42.2715 42.8286 43.3858 43.9429 44.5001 45.0572 45.6143 46.1715 46.7286
# t
-17.0000 -16.5977 -16.1953 -15.7930 -15.3906 -14.9883 -14.5859 -14.1836 -13.7813 -13.3789 -12.9766 -12.5742 -12.1719 -11.7695 -11.3672 -10.9648 -10.5625 -10.1602 -9.7578 -9.3555 -8.9531 -8.5508 -8.1484 -7.7461 -7.3438 -6.9414 -6.5391 -6.1367 -5.7344 -5.3320 -4.9297 -4.5273 -4.1250 -3.7227 -3.3203 -2.9180 -2.5156 -2.1133 -1.7109 -1.3086 -0.9063 -0.5039 -0.1016 0.3008 0.7031 1.1055 1.5078 1.9102 2.3125 2.7148
2.7148 3.2720 3.8291 4.3862 4.9434 5.5005 6.0577 6.6148 7.1719 7.7291 8.2862 8.8433 9.4005 9.9576 10.5147 11.0719 11.6290 12.1862 12.7433 13.3004 13.8576 14.4147 14.9718 15.5290 16.0861 16.6432 17.2004 17.7575 18.3147 18.8718 19.4289 19.9861 20.5432 21.1003 21.6575 22.2146 22.7717 23.3289 23.8860 24.4432 25.0003 25.5574 26.1146 26.6717 27.2288 27.7860 28.3431 28.9002 29.4574 30.0145 30.5716 31.1288 31.6859 32.2431 32.8002 33.3573 33.9145 34.4716 35.0287 35.5859 36.1430 36.7001 37.2573 37.8144 38.3716 38.9287 39.4858 40.0430 40.6001 41.1572 41.7144 42.2715 42.8286 43.3858 43.9429 44.5001 45.0572 45.6143 46.1715 46.7286
# b
-21.9314 -21.4284 -20.9254 -20.4224 -19.9195 -19.4165 -18.9135 -18.4105 -17.9075 -17.4045 -16.9016 -16.3986 -15.8956 -15.3926 -14.8896 -14.3866 -13.8836 -13.3807 -12.8777 -12.3747 -11.8717 -11.3687 -10.8657 -10.3628 -9.8598 -9.3568 -8.8538 -8.3508 -7.8478 -7.3449 -6.8419 -6.3389 -5.8359 -5.3329 -4.8299 -4.3269 -3.8240 -3.3210 -2.8180 -2.3150 -1.8120 -1.3090 -0.8061 -0.3031 0.1999 0.7029 1.2059 1.7089 2.2119 2.7148
2.7148 3.2720 3.8291 4.3862 4.9434 5.5005 6.0577 6.6148 7.1719 7.7291 8.2862 8.8433 9.4005 9.9576 10.5147 11.0719 11.6290 12.1862 12.7433 13.3004 13.8576 14.4147 14.9718 15.5290 16.0861 16.6432 17.2004 17.7575 18.3147 18.8718 19.4289 19.9861 20.5432 21.1003 21.6575 22.2146 22.7717 23.3289 23.8860 24.4432 25.0003 25.5574 26.1146 26.6717 27.2288 27.7860 28.3431 28.9002 29.4574 30.0145 30.5716 31.1288 31.6859 32.2431 32.8002 33.3573 33.9145 34.4716 35.0287 35.5859 36.1430 36.7001 37.2573 37.8144 38.3716 38.9287 39.4858 40.0430 40.6001 41.1572 41.7144 42.2715 42.8286 43.3858 43.9429 44.5001 45.0572 45.6143 46.1715 46.7286
