# lengths
mu0 20.151000
lambda 60.209300
delta 10.895300
sigma0 10.631000
sigmav 0.129700
alpha 22.000000
beta 0.000000
gamma1 0.001700
gamma2 0.283700
halted 0.290600
# description
RG1 i 0
CG1 t 0
DG1 b 0
postG1 i 1 t 1 b 1
# i
-20.1510 -19.7377 -19.3243 -18.9110 -18.4977 -18.0843 -17.6710 -17.2577 -16.8443 -16.4310 -16.0177 -15.6043 -15.1910 -14.7777 -14.3643 -13.9510 -13.5377 -13.1243 -12.7110 -12.2977 -11.8843 -11.4710 -11.0577 -10.6443 -10.2310 -9.8177 -9.4043 -8.9910 -8.5777 -8.1643 -7.7510 -7.3377 -6.9243 -6.5110 -6.0977 -5.6843 -5.2710 -4.8576 -4.4443 -4.0310 -3.6176 -3.2043 -2.7910 -2.3776 -1.9643 -1.5510 -1.1376 -0.7243 -0.3110 0.1024
0.1024 0.5847 1.0671 1.5495 2.0318 2.5142 2.9966 3.4789 3.9613 4.4437 4.9260 5.4084 5.8908 6.3731 6.8555 7.3379 7.8202 8.3026 8.7850 9.2673 9.7497 10.2320 10.7144 11.1968 11.6791 12.1615 12.6439 13.1262 13.6086 14.0910 14.5733 15.0557 15.5381 16.0204 16.5028 16.9852 17.4675 17.9499 18.4323 18.9146 19.3970 19.8794 20.3617 20.8441 21.3265 21.8088 22.2912 22.7736 23.2559 23.7383 24.2207 24.7030 25.1854 25.6678 26.1501 26.6325 27.1149 27.5972 28.0796 28.5620 29.0443 29.5267 30.0091 30.4914 30.9738 31.4562 31.9385 32.4209 32.9033 33.3856 33.8680 34.3504 34.8327 35.3151 35.7975 36.2798 36.7622 37.2446 37.7269 38.2093
# t
-22.0000 -21.5489 -21.0979 -20.6468 -20.1957 -19.7447 -19.2936 -18.8425 -18.3915 -17.9404 -17.4893 -17.0382 -16.5872 -16.1361 -15.6850 -15.2340 -14.7829 -14.3318 -13.8808 -13.4297 -12.9786 -12.5276 -12.0765 -11.6254 -11.1744 -10.7233 -10.2722 -9.8212 -9.3701 -8.9190 -8.4679 -8.0169 -7.5658 -7.1147 -6.6637 -6.2126 -5.7615 -5.3105 -4.8594 -4.4083 -3.9573 -3.5062 -3.0551 -2.6041 -2.1530 -1.7019 -1.2508 -0.7998 -0.3487 0.1024
0.1024 0.5847 1.0671 1.5495 2.0318 2.5142 2.9966 3.4789 3.9613 4.4437 4.9260 5.4084 5.8908 6.3731 6.8555 7.3379 7.8202 8.3026 8.7850 9.2673 9.7497 10.2320 10.7144 11.1968 11.6791 12.1615 12.6439 13.1262 13.6086 14.0910 14.5733 15.0557 15.5381 16.0204 16.5028 16.9852 17.4675 17.9499 18.4323 18.9146 19.3970 19.8794 20.3617 20.8441 21.3265 21.8088 22.2912 22.7736 23.2559 23.7383 24.2207 24.7030 25.1854 25.6678 26.1501 26.6325 27.1149 27.5972 28.0796 28.5620 29.0443 29.5267 30.0091 30.4914 30.9738 31.4562 31.9385 32.4209 32.9033 33.3856 33.8680 34.3504 34.8327 35.3151 35.7975 36.2798 36.7622 37.2446 37.7269 38.2093
# b
-32.8953 -32.2219 -31.5485 -30.8750 -30.2016 -29.5282 -28.8548 -28.1813 -27.5079 -26.8345 -26.1611 -25.4877 -24.8142 -24.1408 -23.4674 -22.7940 -22.1206 -21.4471 -20.7737 -20.1003 -19.4269 -18.7534 -18.0800 -17.4066 -16.7332 -16.0598 -15.3863 -14.7129 -14.0395 -13.3661 -12.6927 -12.0192 -11.3458 -10.6724 -9.9990 -9.3255 -8.6521 -7.9787 -7.3053 -6.6319 -5.9584 -5.2850 -4.6116 -3.9382 -3.2648 -2.5913 -1.9179 -1.2445 -0.5711 0.1024
0.1024 0.5847 1.0671 1.5495 2.0318 2.5142 2.9966 3.4789 3.9613 4.4437 4.9260 5.4084 5.8908 6.3731 6.8555 7.3379 7.8202 8.3026 8.7850 9.2673 9.7497 10.2320 10.7144 11.1968 11.6791 12.1615 12.6439 13.1262 13.6086 14.0910 14.5733 15.0557 15.5381 16.0204 16.5028 16.9852 17.4675 17.9499 18.4323 18.9146 19.3970 19.8794 20.3617 20.8441 21.3265 21.8088 22.2912 22.7736 23.2559 23.7383 24.2207 24.7030 25.1854 25.6678 26.1501 26.6325 27.1149 27.5972 28.0796 28.5620 29.0443 29.5267 30.0091 30.4914 30.9738 31.4562 31.9385 32.4209 32.9033 33.3856 33.8680 34.3504 34.8327 35.3151 35.7975 36.2798 36.7622 37.2446 37.7269 38.2093
