mu0 delta sigma0 sigmav lambda gamma1 gamma2 mua1 sigmaa1 mua2 sigmaa2 mut sigmat a10 a11 a12 a13 a14 a15 a16 a17 a18 a19 a110 a111 a112 a113 a114 a115 a20 a21 a22 a23 a24 a25 a26 a27 a28 a29 a210 a211 a212 a213 a214 a215 tau0 tau1 tau2 tau3 tau4 tau5 tau6 tau7 tau8 tau9 tau10 tau11 tau12 tau13 tau14 tau15 halted score 
-25.6213 5.4809 11.1187 0.1431 69.4418 0.0208 0.2697 7.7389 0.0021 1.0196 0.0444 -2.4412 0.0480 7.9109 7.7800 7.7740 7.7477 7.7310 7.7332 7.7320 7.7019 7.7213 7.7385 7.6948 7.7217 7.7055 7.6926 7.6990 7.7302 1.4990 1.4995 0.8683 0.8768 0.9629 0.9698 0.9681 0.9772 0.9943 0.9714 0.9476 0.9707 0.9790 0.9774 0.9771 0.9616 -2.4521 -2.4510 -2.4361 -2.3862 -2.6890 -2.7578 -2.7403 -2.7499 -2.5560 -2.3444 -2.3062 -2.5908 -2.6482 -2.6346 -2.5477 -2.5150 0.2233 -3897389.2462 
-25.6213 5.4809 11.1187 0.1434 69.4418 0.0208 0.2697 7.7378 0.0034 1.0290 0.0309 -2.4585 0.0634 7.9109 7.7800 7.7740 7.7477 7.7311 7.7332 7.7320 7.7019 7.7213 7.7400 7.6959 7.7216 7.7055 7.6926 7.6990 7.7302 1.4990 1.4995 0.8683 0.8768 0.9629 0.9698 0.9681 0.9769 0.9943 0.9710 0.9476 0.9707 0.9785 0.9774 0.9771 0.9603 -2.4521 -2.4435 -2.4361 -2.3862 -2.6890 -2.7578 -2.7403 -2.7499 -2.5590 -2.3444 -2.3062 -2.5908 -2.6366 -2.6346 -2.5502 -2.5020 0.2222 -3897388.5112 
-25.6213 5.4809 11.2311 0.1419 69.4418 0.0203 0.2697 7.7371 0.0019 1.0242 0.0240 -2.4661 0.0461 7.9115 7.7800 7.7740 7.7477 7.7311 7.7332 7.7327 7.7019 7.7213 7.7400 7.6959 7.7227 7.7057 7.6926 7.6974 7.7302 1.4990 1.4995 0.8699 0.8768 0.9629 0.9698 0.9686 0.9769 0.9937 0.9710 0.9476 0.9707 0.9781 0.9774 0.9767 0.9603 -2.4521 -2.4435 -2.4365 -2.3862 -2.6890 -2.7578 -2.7389 -2.7495 -2.5590 -2.3444 -2.3062 -2.5883 -2.6366 -2.6346 -2.5502 -2.5020 0.2222 -3897389.2449 
-25.6213 5.4809 11.2311 0.1419 69.4896 0.0203 0.2697 7.7381 0.0021 1.0182 0.0270 -2.4789 0.0632 7.9115 7.7800 7.7740 7.7477 7.7321 7.7332 7.7327 7.7019 7.7213 7.7400 7.6959 7.7227 7.7057 7.6930 7.6976 7.7302 1.4990 1.4995 0.8699 0.8768 0.9629 0.9715 0.9689 0.9769 0.9927 0.9710 0.9476 0.9707 0.9780 0.9774 0.9767 0.9603 -2.4585 -2.4435 -2.4365 -2.3862 -2.6890 -2.7692 -2.7423 -2.7369 -2.5510 -2.3444 -2.3062 -2.5883 -2.6366 -2.6351 -2.5454 -2.5020 0.2222 -3897390.7870 
-25.6166 5.4809 11.2311 0.1419 69.4896 0.0204 0.2697 7.7382 0.0021 1.0108 0.0256 -2.4592 0.0365 7.9117 7.7800 7.7740 7.7477 7.7321 7.7332 7.7316 7.7019 7.7213 7.7400 7.6959 7.7227 7.7061 7.6930 7.6976 7.7302 1.4990 1.4995 0.8729 0.8768 0.9629 0.9715 0.9698 0.9765 0.9927 0.9710 0.9476 0.9707 0.9780 0.9775 0.9776 0.9604 -2.4585 -2.4435 -2.4415 -2.3862 -2.6890 -2.7692 -2.7423 -2.7369 -2.5618 -2.3444 -2.3062 -2.5904 -2.6366 -2.6282 -2.5454 -2.5020 0.2222 -3897395.0615 
-25.6166 5.4809 11.2311 0.1419 69.4451 0.0209 0.2697 7.7385 0.0019 1.0166 0.0259 -2.4752 0.0513 7.9117 7.7806 7.7738 7.7477 7.7321 7.7332 7.7316 7.7019 7.7213 7.7400 7.6961 7.7227 7.7061 7.6930 7.6977 7.7302 1.4990 1.4995 0.8729 0.8747 0.9629 0.9715 0.9699 0.9765 0.9940 0.9709 0.9476 0.9697 0.9780 0.9775 0.9776 0.9604 -2.4585 -2.4435 -2.4459 -2.3862 -2.6856 -2.7692 -2.7289 -2.7424 -2.5693 -2.3444 -2.3062 -2.5904 -2.6366 -2.6282 -2.5454 -2.5020 0.2240 -3897397.1814 
-25.6166 5.5723 11.1968 0.1419 69.4451 0.0208 0.2694 7.7387 0.0046 1.0214 0.0249 -2.4766 0.0689 7.9110 7.7794 7.7744 7.7471 7.7321 7.7332 7.7302 7.7019 7.7207 7.7404 7.6961 7.7227 7.7065 7.6930 7.6977 7.7302 1.4990 1.4995 0.8729 0.8747 0.9629 0.9715 0.9701 0.9765 0.9946 0.9709 0.9476 0.9697 0.9788 0.9775 0.9776 0.9598 -2.4585 -2.4438 -2.4396 -2.3862 -2.6856 -2.7692 -2.7362 -2.7391 -2.5693 -2.3444 -2.3136 -2.5907 -2.6368 -2.6282 -2.5414 -2.5020 0.2250 -3897398.3525 
-25.6166 5.5723 11.1968 0.1444 69.5449 0.0214 0.2694 7.7373 0.0028 1.0242 0.0389 -2.4822 0.1009 7.9110 7.7794 7.7741 7.7471 7.7321 7.7332 7.7308 7.7023 7.7207 7.7404 7.6952 7.7227 7.7065 7.6930 7.6968 7.7302 1.4990 1.4893 0.8695 0.8747 0.9624 0.9715 0.9703 0.9772 0.9946 0.9681 0.9476 0.9697 0.9788 0.9775 0.9776 0.9596 -2.4585 -2.4438 -2.4396 -2.3848 -2.6856 -2.7692 -2.7362 -2.7391 -2.5693 -2.3444 -2.3136 -2.5907 -2.6368 -2.6282 -2.5432 -2.5020 0.2250 -3897398.7389 
-25.6166 5.5723 11.1968 0.1444 69.5856 0.0214 0.2694 7.7375 0.0019 1.0176 0.0246 -2.4613 0.0522 7.9096 7.7798 7.7741 7.7471 7.7321 7.7332 7.7308 7.7022 7.7201 7.7404 7.6952 7.7227 7.7065 7.6930 7.6967 7.7302 1.4990 1.4893 0.8705 0.8747 0.9624 0.9699 0.9703 0.9772 0.9950 0.9681 0.9476 0.9697 0.9788 0.9775 0.9776 0.9594 -2.4433 -2.4438 -2.4386 -2.3848 -2.6962 -2.7692 -2.7362 -2.7391 -2.5693 -2.3377 -2.3136 -2.5948 -2.6386 -2.6286 -2.5432 -2.5020 0.2246 -3897401.0199 
-25.6166 5.5723 11.1972 0.1428 69.5856 0.0214 0.2684 7.7383 0.0024 1.0093 0.0329 -2.4888 0.1004 7.9091 7.7798 7.7742 7.7471 7.7321 7.7341 7.7308 7.7017 7.7201 7.7404 7.6952 7.7227 7.7065 7.6921 7.6970 7.7302 1.4998 1.4893 0.8705 0.8747 0.9624 0.9699 0.9703 0.9767 0.9950 0.9681 0.9476 0.9697 0.9780 0.9775 0.9776 0.9596 -2.4433 -2.4438 -2.4386 -2.3848 -2.6747 -2.7549 -2.7362 -2.7372 -2.5693 -2.3377 -2.3136 -2.5895 -2.6292 -2.6286 -2.5432 -2.5020 0.2217 -3897398.5704 
-25.6166 5.7355 11.1972 0.1428 69.3899 0.0214 0.2684 7.7378 0.0018 1.0106 0.0244 -2.4845 0.0496 7.9091 7.7808 7.7742 7.7471 7.7321 7.7330 7.7308 7.7017 7.7198 7.7404 7.6952 7.7227 7.7065 7.6933 7.6977 7.7302 1.4998 1.4893 0.8705 0.8757 0.9624 0.9701 0.9703 0.9779 0.9950 0.9702 0.9476 0.9697 0.9780 0.9775 0.9776 0.9596 -2.4433 -2.4438 -2.4415 -2.3848 -2.6747 -2.7549 -2.7362 -2.7501 -2.5693 -2.3446 -2.3136 -2.5895 -2.6451 -2.6291 -2.5432 -2.5020 0.2217 -3897395.1993 
-25.6166 5.7355 11.1884 0.1431 69.3899 0.0214 0.2684 7.7376 0.0039 1.0160 0.0379 -2.4751 0.0607 7.9095 7.7801 7.7741 7.7471 7.7322 7.7330 7.7312 7.7017 7.7205 7.7392 7.6952 7.7227 7.7065 7.6934 7.6977 7.7318 1.4982 1.4470 0.8705 0.8757 0.9619 0.9701 0.9694 0.9779 0.9950 0.9702 0.9476 0.9690 0.9780 0.9775 0.9771 0.9596 -2.4433 -2.4502 -2.4535 -2.3848 -2.6747 -2.7549 -2.7362 -2.7501 -2.5693 -2.3393 -2.3136 -2.5895 -2.6451 -2.6291 -2.5432 -2.5020 0.2217 -3897394.4481 
-25.6026 5.7355 11.1884 0.1431 69.3899 0.0214 0.2684 7.7377 0.0023 0.9941 0.0345 -2.4807 0.0549 7.9095 7.7788 7.7739 7.7471 7.7322 7.7330 7.7312 7.7019 7.7205 7.7392 7.6952 7.7239 7.7065 7.6934 7.6969 7.7318 1.4982 1.4470 0.8705 0.8757 0.9619 0.9703 0.9694 0.9779 0.9933 0.9702 0.9476 0.9690 0.9774 0.9775 0.9781 0.9591 -2.4433 -2.4502 -2.4535 -2.3848 -2.6726 -2.7549 -2.7362 -2.7355 -2.5697 -2.3357 -2.3136 -2.5895 -2.6423 -2.6291 -2.5432 -2.5020 0.2217 -3897398.4153 
-25.6026 5.7355 11.1884 0.1430 69.5275 0.0213 0.2684 7.7371 0.0065 1.0073 0.0369 -2.5014 0.0854 7.9095 7.7786 7.7744 7.7471 7.7322 7.7330 7.7312 7.7020 7.7206 7.7392 7.6952 7.7239 7.7065 7.6934 7.6969 7.7318 1.4982 1.4394 0.8705 0.8765 0.9619 0.9705 0.9691 0.9771 0.9934 0.9702 0.9476 0.9690 0.9774 0.9762 0.9781 0.9591 -2.4433 -2.4430 -2.4535 -2.3848 -2.6765 -2.7634 -2.7362 -2.7355 -2.5697 -2.3357 -2.3073 -2.5895 -2.6423 -2.6291 -2.5432 -2.5020 0.2217 -3897400.6626 
-25.5868 5.7355 11.1475 0.1430 69.5275 0.0213 0.2684 7.7392 0.0024 1.0298 0.0430 -2.4741 0.0427 7.9095 7.7786 7.7740 7.7460 7.7322 7.7330 7.7312 7.7019 7.7226 7.7402 7.6952 7.7230 7.7065 7.6934 7.6969 7.7325 1.4989 1.4394 0.8705 0.8765 0.9619 0.9702 0.9691 0.9771 0.9934 0.9702 0.9477 0.9690 0.9773 0.9762 0.9781 0.9591 -2.4433 -2.4430 -2.4473 -2.3848 -2.6877 -2.7634 -2.7379 -2.7355 -2.5697 -2.3357 -2.3073 -2.5928 -2.6423 -2.6291 -2.5432 -2.5020 0.2217 -3897399.7384 
-25.5868 5.6378 11.1475 0.1430 69.5275 0.0213 0.2684 7.7375 0.0031 1.0166 0.0160 -2.4643 0.0499 7.9104 7.7786 7.7736 7.7466 7.7322 7.7341 7.7312 7.7018 7.7226 7.7402 7.6946 7.7229 7.7065 7.6936 7.6969 7.7317 1.4965 1.4432 0.8705 0.8765 0.9619 0.9697 0.9692 0.9768 0.9937 0.9702 0.9477 0.9697 0.9773 0.9762 0.9781 0.9591 -2.4433 -2.4430 -2.4473 -2.3882 -2.6877 -2.7556 -2.7379 -2.7449 -2.5606 -2.3357 -2.3073 -2.5928 -2.6402 -2.6270 -2.5483 -2.5020 0.2241 -3897395.9156 
-25.5868 5.6378 11.1842 0.1430 69.3964 0.0203 0.2684 7.7396 0.0018 1.0128 0.0183 -2.4588 0.0969 7.9104 7.7794 7.7735 7.7466 7.7322 7.7341 7.7312 7.7018 7.7226 7.7402 7.6946 7.7229 7.7068 7.6936 7.6971 7.7317 1.4965 1.4531 0.8705 0.8773 0.9619 0.9697 0.9697 0.9764 0.9937 0.9702 0.9477 0.9697 0.9773 0.9762 0.9781 0.9591 -2.4540 -2.4430 -2.4473 -2.3882 -2.6877 -2.7556 -2.7335 -2.7449 -2.5677 -2.3357 -2.3073 -2.5928 -2.6402 -2.6270 -2.5446 -2.5076 0.2241 -3897392.8354 
-25.5868 5.7586 11.1842 0.1430 69.3964 0.0203 0.2684 7.7377 0.0063 1.0052 0.0369 -2.4663 0.0643 7.9093 7.7794 7.7735 7.7466 7.7322 7.7341 7.7306 7.7021 7.7212 7.7402 7.6946 7.7229 7.7075 7.6940 7.6971 7.7317 1.4998 1.4758 0.8716 0.8773 0.9619 0.9695 0.9697 0.9764 0.9937 0.9691 0.9477 0.9697 0.9769 0.9762 0.9781 0.9591 -2.4518 -2.4430 -2.4434 -2.3882 -2.6877 -2.7602 -2.7481 -2.7449 -2.5677 -2.3413 -2.3073 -2.5928 -2.6402 -2.6259 -2.5446 -2.5076 0.2241 -3897393.2029 
-25.5868 5.7586 11.1970 0.1430 69.4162 0.0203 0.2684 7.7384 0.0014 1.0250 0.0191 -2.4819 0.1002 7.9105 7.7794 7.7743 7.7472 7.7321 7.7341 7.7314 7.7021 7.7212 7.7421 7.6946 7.7229 7.7075 7.6940 7.6973 7.7317 1.4998 1.4717 0.8716 0.8773 0.9619 0.9695 0.9699 0.9764 0.9937 0.9691 0.9481 0.9697 0.9769 0.9762 0.9781 0.9591 -2.4518 -2.4430 -2.4434 -2.3882 -2.6877 -2.7602 -2.7314 -2.7449 -2.5732 -2.3413 -2.3158 -2.5928 -2.6402 -2.6331 -2.5446 -2.5076 0.2241 -3897386.6854 
-25.5842 5.8438 11.1445 0.1451 69.4162 0.0203 0.2684 7.7387 0.0017 1.0153 0.0178 -2.4592 0.0500 7.9105 7.7794 7.7751 7.7458 7.7321 7.7341 7.7305 7.7021 7.7212 7.7421 7.6946 7.7235 7.7075 7.6940 7.6972 7.7308 1.4998 1.4598 0.8716 0.8773 0.9619 0.9695 0.9699 0.9764 0.9937 0.9691 0.9481 0.9684 0.9769 0.9757 0.9779 0.9597 -2.4560 -2.4430 -2.4434 -2.3882 -2.6870 -2.7602 -2.7243 -2.7449 -2.5732 -2.3413 -2.3110 -2.5910 -2.6402 -2.6331 -2.5446 -2.5076 0.2225 -3897388.0063 
-25.7542 5.8438 11.1852 0.1451 69.4162 0.0189 0.2684 7.7382 0.0016 1.0077 0.0265 -2.4751 0.0667 7.9105 7.7800 7.7761 7.7458 7.7324 7.7337 7.7304 7.7028 7.7212 7.7402 7.6946 7.7245 7.7075 7.6938 7.6972 7.7308 1.4998 1.4598 0.8786 0.8773 0.9619 0.9695 0.9699 0.9760 0.9940 0.9691 0.9481 0.9684 0.9769 0.9752 0.9790 0.9597 -2.4560 -2.4453 -2.4434 -2.3757 -2.6747 -2.7577 -2.7249 -2.7449 -2.5666 -2.3413 -2.3166 -2.5958 -2.6402 -2.6331 -2.5371 -2.5076 0.2225 -3897392.6011 
-25.7542 5.8853 11.1852 0.1451 69.4162 0.0189 0.2684 7.7385 0.0017 1.0275 0.0304 -2.5306 0.0971 7.9105 7.7790 7.7761 7.7474 7.7324 7.7337 7.7310 7.7022 7.7212 7.7424 7.6946 7.7245 7.7075 7.6949 7.6966 7.7308 1.4998 1.4857 0.8786 0.8773 0.9621 0.9695 0.9699 0.9764 0.9940 0.9671 0.9481 0.9669 0.9769 0.9752 0.9790 0.9605 -2.4560 -2.4439 -2.4434 -2.3757 -2.6747 -2.7577 -2.7292 -2.7449 -2.5666 -2.3413 -2.2989 -2.5958 -2.6402 -2.6331 -2.5478 -2.5076 0.2248 -3897398.2266 
-25.7542 5.8853 11.1049 0.1442 69.3760 0.0189 0.2676 7.7385 0.0022 1.0214 0.0583 -2.4421 0.0867 7.9105 7.7803 7.7761 7.7474 7.7324 7.7332 7.7310 7.7022 7.7212 7.7424 7.6946 7.7255 7.7069 7.6949 7.6966 7.7305 1.4998 1.4857 0.8774 0.8773 0.9621 0.9704 0.9699 0.9764 0.9931 0.9671 0.9481 0.9669 0.9769 0.9752 0.9790 0.9605 -2.4560 -2.4439 -2.4398 -2.3757 -2.6747 -2.7551 -2.7432 -2.7449 -2.5657 -2.3413 -2.3226 -2.5849 -2.6402 -2.6331 -2.5447 -2.5076 0.2225 -3897394.8236 
-25.7542 5.8853 11.1049 0.1442 69.3760 0.0189 0.2676 7.7378 0.0017 1.0345 0.0264 -2.4784 0.0610 7.9105 7.7803 7.7761 7.7474 7.7324 7.7335 7.7310 7.7022 7.7212 7.7424 7.6946 7.7255 7.7069 7.6949 7.6966 7.7305 1.4998 1.4808 0.8837 0.8773 0.9621 0.9698 0.9699 0.9764 0.9945 0.9671 0.9481 0.9669 0.9769 0.9752 0.9790 0.9608 -2.4560 -2.4439 -2.4398 -2.3757 -2.6747 -2.7551 -2.7373 -2.7449 -2.5683 -2.3443 -2.3226 -2.5762 -2.6402 -2.6331 -2.5447 -2.5108 0.2225 -3897391.8548 
-25.7542 5.7851 11.1049 0.1442 69.3760 0.0207 0.2676 7.7387 0.0020 1.0113 0.0536 -2.4820 0.0573 7.9105 7.7801 7.7761 7.7456 7.7336 7.7335 7.7310 7.7021 7.7214 7.7419 7.6946 7.7252 7.7069 7.6949 7.6966 7.7305 1.4998 1.4757 0.8837 0.8773 0.9605 0.9698 0.9699 0.9776 0.9945 0.9699 0.9481 0.9669 0.9769 0.9750 0.9790 0.9608 -2.4560 -2.4439 -2.4398 -2.3816 -2.6747 -2.7551 -2.7373 -2.7449 -2.5606 -2.3443 -2.3226 -2.5762 -2.6402 -2.6370 -2.5447 -2.5108 0.2225 -3897395.7804 
-25.7427 5.7851 11.0900 0.1442 69.2736 0.0207 0.2676 7.7386 0.0022 1.0249 0.0138 -2.4700 0.0894 7.9109 7.7805 7.7767 7.7478 7.7318 7.7335 7.7317 7.7008 7.7214 7.7419 7.6946 7.7252 7.7078 7.6950 7.6969 7.7305 1.4998 1.4757 0.8836 0.8773 0.9605 0.9698 0.9699 0.9776 0.9938 0.9699 0.9481 0.9669 0.9769 0.9750 0.9790 0.9604 -2.4560 -2.4468 -2.4375 -2.3816 -2.6747 -2.7551 -2.7373 -2.7449 -2.5623 -2.3287 -2.3165 -2.5762 -2.6402 -2.6370 -2.5447 -2.5103 0.2208 -3897398.0470 
-25.7427 5.8737 11.0900 0.1462 69.4785 0.0207 0.2662 7.7375 0.0021 1.0186 0.0189 -2.4511 0.0815 7.9110 7.7788 7.7767 7.7466 7.7320 7.7335 7.7317 7.7022 7.7214 7.7413 7.6946 7.7240 7.7078 7.6950 7.6962 7.7305 1.4998 1.4981 0.8679 0.8761 0.9619 0.9698 0.9700 0.9776 0.9938 0.9676 0.9481 0.9684 0.9769 0.9753 0.9790 0.9602 -2.4492 -2.4428 -2.4306 -2.3816 -2.6747 -2.7565 -2.7373 -2.7449 -2.5665 -2.3463 -2.3165 -2.5762 -2.6402 -2.6370 -2.5447 -2.5103 0.2208 -3897396.3719 
-25.7427 6.2488 11.0900 0.1462 69.5233 0.0207 0.2662 7.7390 0.0015 1.0201 0.0220 -2.4784 0.0400 7.9110 7.7794 7.7767 7.7466 7.7320 7.7339 7.7317 7.7016 7.7213 7.7424 7.6949 7.7240 7.7078 7.6950 7.6962 7.7305 1.4998 1.4981 0.8679 0.8761 0.9619 0.9688 0.9700 0.9776 0.9930 0.9676 0.9481 0.9684 0.9769 0.9765 0.9790 0.9602 -2.4473 -2.4396 -2.4306 -2.3830 -2.6762 -2.7565 -2.7373 -2.7449 -2.5665 -2.3463 -2.3165 -2.5683 -2.6402 -2.6370 -2.5447 -2.5103 0.2208 -3897395.3111 
-25.6310 6.2488 11.0714 0.1462 69.5233 0.0191 0.2662 7.7390 0.0025 1.0104 0.0183 -2.4693 0.0479 7.9101 7.7794 7.7767 7.7465 7.7320 7.7339 7.7317 7.7016 7.7229 7.7424 7.6949 7.7243 7.7078 7.6943 7.6962 7.7305 1.4998 1.4981 0.8672 0.8761 0.9610 0.9688 0.9687 0.9776 0.9930 0.9676 0.9481 0.9684 0.9769 0.9765 0.9789 0.9602 -2.4473 -2.4437 -2.4306 -2.3830 -2.6762 -2.7565 -2.7373 -2.7349 -2.5665 -2.3335 -2.3165 -2.5683 -2.6402 -2.6370 -2.5447 -2.5061 0.2227 -3897397.0405 
-25.6310 6.2488 11.0714 0.1462 69.5233 0.0191 0.2666 7.7389 0.0015 1.0187 0.0379 -2.4928 0.0968 7.9101 7.7794 7.7767 7.7465 7.7320 7.7349 7.7317 7.7015 7.7229 7.7424 7.6949 7.7234 7.7078 7.6941 7.6962 7.7305 1.4998 1.4981 0.8606 0.8761 0.9610 0.9688 0.9687 0.9776 0.9916 0.9663 0.9481 0.9686 0.9769 0.9765 0.9789 0.9606 -2.4565 -2.4437 -2.4306 -2.3830 -2.6762 -2.7565 -2.7373 -2.7349 -2.5583 -2.3335 -2.3165 -2.5683 -2.6402 -2.6370 -2.5447 -2.5061 0.2227 -3897395.9802 
-25.7233 6.2488 11.0877 0.1462 69.2557 0.0192 0.2665 7.7391 0.0016 1.0138 0.0171 -2.4515 0.0462 7.9101 7.7794 7.7767 7.7465 7.7320 7.7349 7.7317 7.7015 7.7231 7.7424 7.6935 7.7234 7.7078 7.6935 7.6963 7.7305 1.4993 1.4981 0.8679 0.8761 0.9610 0.9688 0.9687 0.9776 0.9916 0.9663 0.9481 0.9686 0.9764 0.9765 0.9789 0.9607 -2.4413 -2.4579 -2.4306 -2.3860 -2.6762 -2.7552 -2.7373 -2.7349 -2.5583 -2.3335 -2.3144 -2.5683 -2.6402 -2.6370 -2.5463 -2.5061 0.2227 -3897395.2970 
-25.7233 6.2488 11.0877 0.1451 69.2557 0.0192 0.2665 7.7381 0.0031 1.0118 0.0432 -2.4676 0.0417 7.9102 7.7794 7.7767 7.7458 7.7324 7.7349 7.7317 7.7015 7.7231 7.7424 7.6929 7.7228 7.7078 7.6927 7.6968 7.7305 1.4993 1.4981 0.8724 0.8761 0.9610 0.9689 0.9687 0.9776 0.9923 0.9663 0.9481 0.9686 0.9764 0.9779 0.9779 0.9607 -2.4413 -2.4549 -2.4306 -2.3860 -2.6762 -2.7651 -2.7388 -2.7349 -2.5564 -2.3461 -2.3047 -2.5745 -2.6402 -2.6255 -2.5408 -2.5061 0.2232 -3897397.1325 
-25.7233 6.0953 11.0877 0.1456 69.2557 0.0189 0.2655 7.7379 0.0023 1.0127 0.0441 -2.4697 0.0618 7.9102 7.7794 7.7767 7.7460 7.7324 7.7346 7.7317 7.7015 7.7231 7.7424 7.6933 7.7228 7.7075 7.6921 7.6968 7.7301 1.4993 1.4981 0.8724 0.8761 0.9617 0.9688 0.9687 0.9776 0.9923 0.9663 0.9481 0.9686 0.9764 0.9779 0.9779 0.9607 -2.4413 -2.4466 -2.4427 -2.3753 -2.6762 -2.7651 -2.7388 -2.7349 -2.5564 -2.3371 -2.3050 -2.5745 -2.6402 -2.6255 -2.5408 -2.5061 0.2232 -3897396.8531 
-25.7233 6.0953 11.0877 0.1456 69.2975 0.0189 0.2655 7.7387 0.0029 1.0196 0.0347 -2.4506 0.0357 7.9102 7.7794 7.7764 7.7460 7.7324 7.7346 7.7316 7.7015 7.7219 7.7424 7.6933 7.7238 7.7075 7.6921 7.6968 7.7297 1.4993 1.4981 0.8724 0.8761 0.9616 0.9688 0.9685 0.9776 0.9923 0.9663 0.9481 0.9686 0.9774 0.9779 0.9779 0.9607 -2.4413 -2.4499 -2.4427 -2.3753 -2.6762 -2.7651 -2.7388 -2.7349 -2.5564 -2.3371 -2.3050 -2.5745 -2.6402 -2.6255 -2.5408 -2.5061 0.2232 -3897394.7212 
-25.8469 6.0953 11.0877 0.1452 69.2975 0.0188 0.2655 7.7392 0.0022 1.0190 0.0685 -2.4751 0.0895 7.9102 7.7794 7.7764 7.7462 7.7324 7.7346 7.7316 7.7015 7.7219 7.7427 7.6933 7.7227 7.7075 7.6921 7.6968 7.7297 1.4992 1.4981 0.8724 0.8761 0.9616 0.9688 0.9696 0.9776 0.9923 0.9663 0.9486 0.9686 0.9776 0.9779 0.9776 0.9607 -2.4413 -2.4499 -2.4427 -2.3753 -2.6762 -2.7651 -2.7298 -2.7349 -2.5490 -2.3413 -2.3142 -2.5745 -2.6402 -2.6255 -2.5425 -2.5043 0.2232 -3897394.4824 
-25.8469 6.0953 11.0877 0.1444 69.1515 0.0183 0.2655 7.7380 0.0019 1.0377 0.0600 -2.4557 0.0867 7.9102 7.7794 7.7764 7.7462 7.7324 7.7346 7.7316 7.7008 7.7219 7.7427 7.6933 7.7243 7.7075 7.6926 7.6968 7.7300 1.4993 1.4981 0.8768 0.8761 0.9616 0.9691 0.9696 0.9776 0.9923 0.9663 0.9486 0.9665 0.9771 0.9772 0.9776 0.9607 -2.4413 -2.4499 -2.4435 -2.3775 -2.6883 -2.7651 -2.7298 -2.7349 -2.5495 -2.3413 -2.3142 -2.5745 -2.6402 -2.6255 -2.5425 -2.5043 0.2232 -3897397.2873 
-25.8469 6.0953 11.0877 0.1444 69.5172 0.0183 0.2648 7.7387 0.0021 1.0006 0.0404 -2.4607 0.0597 7.9102 7.7794 7.7764 7.7463 7.7324 7.7346 7.7316 7.7020 7.7219 7.7427 7.6945 7.7263 7.7075 7.6926 7.6979 7.7300 1.4993 1.4981 0.8768 0.8787 0.9616 0.9691 0.9676 0.9776 0.9923 0.9663 0.9486 0.9665 0.9771 0.9774 0.9776 0.9607 -2.4413 -2.4499 -2.4435 -2.3775 -2.6883 -2.7651 -2.7298 -2.7349 -2.5579 -2.3368 -2.3142 -2.5834 -2.6397 -2.6255 -2.5372 -2.5043 0.2232 -3897393.0335 
-25.8980 6.0953 11.0877 0.1444 69.5172 0.0183 0.2648 7.7397 0.0027 1.0033 0.0195 -2.4457 0.0667 7.9102 7.7794 7.7754 7.7463 7.7321 7.7353 7.7324 7.7011 7.7225 7.7427 7.6941 7.7256 7.7075 7.6926 7.6977 7.7300 1.4993 1.4981 0.8768 0.8787 0.9625 0.9691 0.9676 0.9776 0.9923 0.9663 0.9486 0.9665 0.9771 0.9774 0.9776 0.9607 -2.4413 -2.4499 -2.4435 -2.3775 -2.6883 -2.7651 -2.7298 -2.7365 -2.5578 -2.3368 -2.3142 -2.5834 -2.6397 -2.6255 -2.5391 -2.5043 0.2232 -3897387.5255 
-25.8031 6.0953 11.0877 0.1440 69.5172 0.0183 0.2648 7.7398 0.0026 1.0131 0.0254 -2.4733 0.1252 7.9102 7.7794 7.7754 7.7473 7.7321 7.7353 7.7324 7.7011 7.7225 7.7427 7.6941 7.7256 7.7075 7.6921 7.6977 7.7300 1.4993 1.4981 0.8750 0.8787 0.9625 0.9691 0.9676 0.9769 0.9922 0.9663 0.9486 0.9673 0.9771 0.9771 0.9776 0.9605 -2.4413 -2.4501 -2.4435 -2.3775 -2.6883 -2.7612 -2.7342 -2.7365 -2.5578 -2.3368 -2.3100 -2.5834 -2.6469 -2.6238 -2.5434 -2.5048 0.2232 -3897385.5775 
-25.7829 6.0953 11.0877 0.1463 69.5172 0.0189 0.2648 7.7392 0.0024 1.0132 0.0311 -2.4555 0.0817 7.9098 7.7791 7.7754 7.7472 7.7310 7.7353 7.7334 7.7021 7.7225 7.7427 7.6941 7.7256 7.7075 7.6921 7.6971 7.7304 1.4993 1.4981 0.8852 0.8764 0.9625 0.9691 0.9676 0.9772 0.9922 0.9663 0.9488 0.9673 0.9771 0.9771 0.9776 0.9605 -2.4413 -2.4532 -2.4435 -2.3786 -2.6883 -2.7612 -2.7342 -2.7365 -2.5510 -2.3368 -2.3081 -2.5834 -2.6347 -2.6238 -2.5434 -2.5048 0.2232 -3897385.0011 
-25.7829 6.0953 11.0783 0.1463 69.5172 0.0189 0.2648 7.7395 0.0018 1.0119 0.0347 -2.4952 0.0772 7.9098 7.7791 7.7744 7.7477 7.7310 7.7353 7.7334 7.7021 7.7225 7.7427 7.6941 7.7256 7.7078 7.6921 7.6971 7.7304 1.4993 1.4981 0.8852 0.8764 0.9625 0.9691 0.9676 0.9768 0.9923 0.9663 0.9489 0.9673 0.9771 0.9771 0.9776 0.9605 -2.4418 -2.4532 -2.4435 -2.3739 -2.6899 -2.7612 -2.7339 -2.7365 -2.5620 -2.3368 -2.3081 -2.5789 -2.6347 -2.6337 -2.5434 -2.5048 0.2232 -3897386.2811 
-25.8009 6.0953 11.0783 0.1463 69.5172 0.0189 0.2648 7.7388 0.0018 1.0177 0.0295 -2.5071 0.0574 7.9098 7.7791 7.7744 7.7477 7.7310 7.7353 7.7327 7.7021 7.7225 7.7427 7.6929 7.7256 7.7078 7.6922 7.6971 7.7309 1.4993 1.4981 0.8852 0.8757 0.9625 0.9691 0.9676 0.9768 0.9923 0.9663 0.9498 0.9673 0.9770 0.9771 0.9779 0.9605 -2.4418 -2.4476 -2.4435 -2.3739 -2.6899 -2.7612 -2.7339 -2.7365 -2.5620 -2.3341 -2.3081 -2.5789 -2.6370 -2.6322 -2.5434 -2.5021 0.2232 -3897384.9903 
-25.8009 6.0953 11.0783 0.1463 69.4798 0.0189 0.2655 7.7387 0.0051 1.0248 0.0318 -2.4894 0.0477 7.9098 7.7791 7.7747 7.7477 7.7310 7.7353 7.7327 7.7022 7.7225 7.7427 7.6943 7.7256 7.7078 7.6922 7.6971 7.7309 1.4993 1.4981 0.8852 0.8757 0.9625 0.9695 0.9676 0.9769 0.9923 0.9672 0.9498 0.9673 0.9766 0.9785 0.9785 0.9605 -2.4418 -2.4476 -2.4435 -2.3739 -2.6899 -2.7612 -2.7262 -2.7395 -2.5480 -2.3341 -2.3081 -2.5789 -2.6370 -2.6322 -2.5511 -2.5133 0.2243 -3897384.8148 
-25.8009 6.2876 11.1119 0.1463 69.3649 0.0189 0.2655 7.7391 0.0013 1.0196 0.0301 -2.4658 0.0530 7.9100 7.7791 7.7745 7.7477 7.7310 7.7353 7.7327 7.7025 7.7225 7.7428 7.6943 7.7249 7.7069 7.6922 7.6971 7.7309 1.4994 1.4955 0.8852 0.8757 0.9625 0.9695 0.9676 0.9771 0.9923 0.9684 0.9475 0.9673 0.9766 0.9788 0.9785 0.9590 -2.4571 -2.4476 -2.4507 -2.3739 -2.6899 -2.7607 -2.7262 -2.7395 -2.5480 -2.3341 -2.3081 -2.5789 -2.6370 -2.6322 -2.5511 -2.5126 0.2209 -3897393.0256 
-25.8009 6.2876 11.1119 0.1463 69.3649 0.0180 0.2655 7.7389 0.0026 1.0170 0.0278 -2.4937 0.0744 7.9100 7.7791 7.7745 7.7477 7.7310 7.7353 7.7327 7.7020 7.7218 7.7438 7.6943 7.7251 7.7068 7.6915 7.6971 7.7307 1.4994 1.4955 0.8852 0.8757 0.9625 0.9683 0.9676 0.9777 0.9923 0.9684 0.9485 0.9673 0.9766 0.9779 0.9785 0.9590 -2.4571 -2.4476 -2.4439 -2.3749 -2.6902 -2.7607 -2.7262 -2.7395 -2.5480 -2.3496 -2.3081 -2.5789 -2.6370 -2.6387 -2.5425 -2.5126 0.2209 -3897391.0846 
-25.8009 6.2876 11.0884 0.1463 69.3649 0.0175 0.2655 7.7388 0.0018 1.0109 0.0399 -2.4648 0.0374 7.9100 7.7791 7.7745 7.7479 7.7313 7.7353 7.7327 7.7019 7.7218 7.7438 7.6943 7.7251 7.7069 7.6915 7.6971 7.7307 1.4994 1.4955 0.8852 0.8732 0.9625 0.9689 0.9676 0.9777 0.9923 0.9684 0.9485 0.9673 0.9766 0.9779 0.9785 0.9589 -2.4449 -2.4476 -2.4439 -2.3749 -2.6902 -2.7607 -2.7262 -2.7450 -2.5562 -2.3496 -2.3053 -2.5789 -2.6370 -2.6275 -2.5465 -2.5126 0.2209 -3897390.6336 
-25.8009 6.2876 11.0884 0.1463 69.3786 0.0175 0.2655 7.7387 0.0064 1.0108 0.0267 -2.4588 0.0599 7.9100 7.7791 7.7745 7.7479 7.7304 7.7348 7.7327 7.7014 7.7223 7.7438 7.6944 7.7251 7.7062 7.6915 7.6976 7.7330 1.4994 1.4955 0.8838 0.8751 0.9625 0.9689 0.9670 0.9780 0.9917 0.9689 0.9485 0.9673 0.9766 0.9779 0.9785 0.9589 -2.4449 -2.4486 -2.4406 -2.3749 -2.6902 -2.7607 -2.7369 -2.7450 -2.5592 -2.3496 -2.3053 -2.5799 -2.6370 -2.6275 -2.5478 -2.5126 0.2209 -3897391.8961 
-25.8384 6.5015 11.0884 0.1466 69.3786 0.0175 0.2655 7.7372 0.0025 1.0146 0.0378 -2.4771 0.1628 7.9100 7.7791 7.7746 7.7479 7.7304 7.7348 7.7327 7.7016 7.7223 7.7438 7.6944 7.7245 7.7069 7.6915 7.6979 7.7330 1.4994 1.4955 0.8648 0.8751 0.9625 0.9689 0.9670 0.9780 0.9928 0.9689 0.9486 0.9673 0.9766 0.9779 0.9763 0.9592 -2.4449 -2.4486 -2.4309 -2.3749 -2.6902 -2.7607 -2.7369 -2.7487 -2.5662 -2.3410 -2.3053 -2.5799 -2.6370 -2.6275 -2.5359 -2.5126 0.2209 -3897392.9603 
-25.8384 6.5015 11.0884 0.1472 69.3786 0.0175 0.2655 7.7384 0.0038 1.0219 0.0393 -2.5005 0.0450 7.9100 7.7791 7.7746 7.7479 7.7304 7.7348 7.7349 7.7014 7.7223 7.7410 7.6944 7.7245 7.7080 7.6910 7.6975 7.7330 1.4994 1.4955 0.8648 0.8751 0.9625 0.9689 0.9668 0.9780 0.9933 0.9689 0.9486 0.9674 0.9766 0.9795 0.9775 0.9594 -2.4449 -2.4486 -2.4309 -2.3749 -2.6902 -2.7647 -2.7369 -2.7487 -2.5587 -2.3410 -2.3053 -2.5799 -2.6370 -2.6275 -2.5413 -2.5126 0.2209 -3897388.6573 
-25.8384 6.5015 11.0884 0.1472 69.2768 0.0172 0.2655 7.7389 0.0018 1.0319 0.0305 -2.4927 0.0772 7.9100 7.7791 7.7746 7.7479 7.7304 7.7339 7.7340 7.7009 7.7223 7.7410 7.6944 7.7245 7.7076 7.6912 7.6984 7.7330 1.4994 1.4955 0.8648 0.8751 0.9625 0.9693 0.9668 0.9783 0.9930 0.9689 0.9491 0.9672 0.9768 0.9776 0.9775 0.9589 -2.4450 -2.4397 -2.4311 -2.3749 -2.6902 -2.7647 -2.7369 -2.7487 -2.5587 -2.3410 -2.3087 -2.5799 -2.6386 -2.6275 -2.5413 -2.5126 0.2209 -3897384.0221 
-25.8384 6.5015 11.1238 0.1457 69.2768 0.0184 0.2649 7.7388 0.0020 1.0205 0.0357 -2.4730 0.0551 7.9100 7.7791 7.7747 7.7478 7.7290 7.7341 7.7340 7.7009 7.7223 7.7414 7.6937 7.7236 7.7076 7.6912 7.6984 7.7330 1.4994 1.4955 0.8648 0.8756 0.9625 0.9693 0.9668 0.9783 0.9930 0.9689 0.9491 0.9689 0.9763 0.9776 0.9775 0.9589 -2.4450 -2.4397 -2.4311 -2.3749 -2.6925 -2.7647 -2.7369 -2.7487 -2.5587 -2.3410 -2.3087 -2.5799 -2.6386 -2.6275 -2.5413 -2.5126 0.2209 -3897383.5099 
-25.7512 6.5015 11.1238 0.1457 69.2768 0.0191 0.2649 7.7389 0.0029 1.0183 0.0357 -2.4787 0.0953 7.9100 7.7794 7.7747 7.7479 7.7292 7.7341 7.7340 7.7010 7.7209 7.7414 7.6937 7.7236 7.7076 7.6912 7.6984 7.7315 1.4994 1.4955 0.8677 0.8756 0.9630 0.9693 0.9668 0.9780 0.9933 0.9689 0.9491 0.9687 0.9758 0.9776 0.9755 0.9584 -2.4450 -2.4397 -2.4390 -2.3721 -2.6925 -2.7647 -2.7369 -2.7487 -2.5561 -2.3375 -2.3087 -2.5799 -2.6394 -2.6264 -2.5326 -2.5126 0.2205 -3897389.7651 
-25.8847 6.4121 11.1238 0.1455 69.2724 0.0191 0.2649 7.7395 0.0013 1.0064 0.0281 -2.4669 0.0534 7.9100 7.7804 7.7747 7.7479 7.7292 7.7345 7.7340 7.7010 7.7208 7.7405 7.6937 7.7236 7.7076 7.6912 7.6984 7.7315 1.4994 1.4955 0.8786 0.8756 0.9644 0.9688 0.9668 0.9780 0.9933 0.9689 0.9491 0.9686 0.9751 0.9776 0.9755 0.9584 -2.4450 -2.4492 -2.4490 -2.3681 -2.6925 -2.7647 -2.7369 -2.7487 -2.5595 -2.3375 -2.3087 -2.5799 -2.6394 -2.6264 -2.5371 -2.5122 0.2205 -3897385.8531 
-25.9400 6.2446 11.1238 0.1455 69.2724 0.0191 0.2651 7.7384 0.0027 1.0254 0.0203 -2.4866 0.2169 7.9100 7.7804 7.7747 7.7478 7.7292 7.7345 7.7340 7.7010 7.7209 7.7422 7.6937 7.7236 7.7085 7.6912 7.6984 7.7315 1.4994 1.4955 0.8786 0.8756 0.9644 0.9688 0.9668 0.9780 0.9933 0.9672 0.9491 0.9684 0.9761 0.9776 0.9752 0.9605 -2.4450 -2.4492 -2.4490 -2.3681 -2.6950 -2.7561 -2.7369 -2.7479 -2.5518 -2.3424 -2.3087 -2.5799 -2.6394 -2.6252 -2.5371 -2.5137 0.2205 -3897387.5933 
-25.8890 6.2446 11.1238 0.1455 69.2724 0.0191 0.2651 7.7386 0.0015 1.0099 0.0203 -2.4779 0.1031 7.9100 7.7804 7.7761 7.7478 7.7292 7.7345 7.7340 7.7010 7.7209 7.7422 7.6944 7.7250 7.7075 7.6912 7.6987 7.7315 1.4994 1.4955 0.8724 0.8756 0.9644 0.9693 0.9668 0.9780 0.9933 0.9682 0.9483 0.9684 0.9761 0.9776 0.9771 0.9586 -2.4557 -2.4492 -2.4400 -2.3681 -2.6950 -2.7561 -2.7346 -2.7479 -2.5483 -2.3424 -2.3130 -2.5799 -2.6394 -2.6319 -2.5371 -2.5137 0.2205 -3897389.5407 
-25.8890 6.2446 11.1316 0.1441 69.2724 0.0191 0.2651 7.7385 0.0016 1.0191 0.0466 -2.4618 0.0405 7.9100 7.7800 7.7761 7.7478 7.7301 7.7345 7.7340 7.7010 7.7221 7.7422 7.6944 7.7247 7.7082 7.6923 7.6987 7.7315 1.4994 1.4955 0.8724 0.8756 0.9644 0.9693 0.9668 0.9780 0.9933 0.9682 0.9476 0.9674 0.9748 0.9776 0.9771 0.9586 -2.4557 -2.4492 -2.4400 -2.3768 -2.6959 -2.7561 -2.7346 -2.7479 -2.5516 -2.3424 -2.3179 -2.5799 -2.6351 -2.6319 -2.5371 -2.5137 0.2205 -3897386.5640 
-25.8890 6.2446 11.1316 0.1441 69.2724 0.0191 0.2659 7.7387 0.0014 1.0077 0.0423 -2.4753 0.0595 7.9109 7.7800 7.7755 7.7478 7.7306 7.7340 7.7341 7.7023 7.7222 7.7422 7.6944 7.7247 7.7082 7.6924 7.6981 7.7335 1.4994 1.4970 0.8849 0.8756 0.9640 0.9703 0.9667 0.9776 0.9916 0.9682 0.9476 0.9674 0.9770 0.9776 0.9771 0.9586 -2.4557 -2.4492 -2.4400 -2.3768 -2.6959 -2.7561 -2.7346 -2.7479 -2.5512 -2.3408 -2.3179 -2.5799 -2.6351 -2.6319 -2.5321 -2.5137 0.2227 -3897384.6943 
-25.7678 6.2446 11.1316 0.1448 69.4029 0.0191 0.2659 7.7386 0.0062 1.0401 0.0258 -2.4764 0.1013 7.9109 7.7802 7.7750 7.7478 7.7306 7.7340 7.7335 7.7023 7.7229 7.7431 7.6944 7.7250 7.7077 7.6923 7.6981 7.7335 1.4994 1.4750 0.8849 0.8756 0.9640 0.9697 0.9671 0.9776 0.9916 0.9682 0.9476 0.9683 0.9770 0.9776 0.9771 0.9564 -2.4557 -2.4492 -2.4400 -2.3768 -2.6951 -2.7561 -2.7346 -2.7479 -2.5520 -2.3507 -2.3179 -2.5799 -2.6351 -2.6319 -2.5321 -2.5081 0.2227 -3897390.5823 
-25.8142 6.2446 11.1316 0.1448 69.4029 0.0191 0.2659 7.7390 0.0014 1.0152 0.0330 -2.4967 0.0695 7.9105 7.7802 7.7750 7.7477 7.7306 7.7340 7.7335 7.7023 7.7229 7.7435 7.6944 7.7233 7.7064 7.6923 7.6987 7.7335 1.4994 1.4750 0.8744 0.8756 0.9640 0.9698 0.9671 0.9776 0.9916 0.9679 0.9476 0.9691 0.9773 0.9776 0.9771 0.9567 -2.4557 -2.4455 -2.4424 -2.3823 -2.6951 -2.7556 -2.7346 -2.7436 -2.5520 -2.3515 -2.2930 -2.5846 -2.6427 -2.6319 -2.5582 -2.5081 0.2227 -3897384.1201 
-25.8142 6.1579 11.1316 0.1448 69.4029 0.0182 0.2659 7.7386 0.0029 1.0139 0.0286 -2.4748 0.0613 7.9105 7.7796 7.7756 7.7477 7.7306 7.7340 7.7337 7.7026 7.7229 7.7433 7.6936 7.7233 7.7064 7.6925 7.6987 7.7335 1.4993 1.4750 0.8744 0.8759 0.9640 0.9698 0.9664 0.9776 0.9916 0.9679 0.9476 0.9691 0.9773 0.9775 0.9771 0.9571 -2.4557 -2.4464 -2.4399 -2.3764 -2.6951 -2.7556 -2.7346 -2.7436 -2.5533 -2.3515 -2.3132 -2.5846 -2.6427 -2.6319 -2.5453 -2.5081 0.2221 -3897382.2159 
-25.8142 6.1579 11.1849 0.1448 69.4419 0.0182 0.2659 7.7390 0.0024 1.0239 0.0202 -2.4700 0.0393 7.9105 7.7796 7.7756 7.7467 7.7302 7.7339 7.7337 7.7022 7.7229 7.7433 7.6953 7.7233 7.7064 7.6925 7.6987 7.7335 1.4993 1.4750 0.8757 0.8759 0.9640 0.9698 0.9664 0.9776 0.9916 0.9679 0.9476 0.9679 0.9773 0.9775 0.9769 0.9571 -2.4537 -2.4464 -2.4334 -2.3764 -2.6951 -2.7527 -2.7346 -2.7436 -2.5533 -2.3515 -2.3144 -2.5846 -2.6427 -2.6319 -2.5464 -2.5034 0.2212 -3897380.9748 
-25.8105 6.4824 11.2066 0.1451 69.4419 0.0182 0.2659 7.7386 0.0016 1.0093 0.0295 -2.4808 0.0393 7.9105 7.7796 7.7749 7.7462 7.7302 7.7339 7.7337 7.7017 7.7229 7.7433 7.6952 7.7233 7.7077 7.6930 7.6987 7.7336 1.4993 1.4773 0.8757 0.8759 0.9640 0.9700 0.9664 0.9776 0.9915 0.9679 0.9476 0.9679 0.9773 0.9775 0.9769 0.9564 -2.4537 -2.4475 -2.4290 -2.3764 -2.6951 -2.7527 -2.7356 -2.7436 -2.5610 -2.3515 -2.3083 -2.5846 -2.6427 -2.6213 -2.5464 -2.4964 0.2212 -3897382.4614 
-25.8105 6.4824 11.2066 0.1451 69.4419 0.0182 0.2659 7.7384 0.0022 1.0166 0.0290 -2.4683 0.0913 7.9105 7.7796 7.7749 7.7462 7.7302 7.7339 7.7337 7.7018 7.7233 7.7433 7.6954 7.7239 7.7073 7.6930 7.6987 7.7336 1.4993 1.4861 0.8757 0.8759 0.9640 0.9700 0.9660 0.9776 0.9915 0.9679 0.9476 0.9684 0.9764 0.9775 0.9769 0.9570 -2.4534 -2.4475 -2.4402 -2.3782 -2.6951 -2.7587 -2.7356 -2.7436 -2.5610 -2.3515 -2.3083 -2.5846 -2.6427 -2.6213 -2.5464 -2.4964 0.2209 -3897383.4566 
-25.8105 6.4824 11.2066 0.1451 69.4419 0.0182 0.2659 7.7393 0.0014 1.0160 0.0341 -2.4784 0.0562 7.9105 7.7796 7.7737 7.7462 7.7302 7.7337 7.7337 7.7011 7.7233 7.7433 7.6954 7.7239 7.7073 7.6918 7.6981 7.7336 1.4993 1.4861 0.8733 0.8759 0.9631 0.9700 0.9660 0.9776 0.9915 0.9679 0.9476 0.9684 0.9767 0.9791 0.9770 0.9565 -2.4534 -2.4475 -2.4402 -2.3881 -2.6888 -2.7587 -2.7406 -2.7459 -2.5601 -2.3515 -2.3083 -2.5846 -2.6421 -2.6213 -2.5413 -2.5069 0.2209 -3897383.4566 
-25.7683 6.4824 11.2066 0.1451 69.4419 0.0182 0.2659 7.7388 0.0028 1.0282 0.0424 -2.5199 0.0759 7.9096 7.7796 7.7747 7.7454 7.7310 7.7334 7.7337 7.7015 7.7230 7.7414 7.6954 7.7243 7.7073 7.6910 7.6981 7.7334 1.4993 1.4902 0.8658 0.8759 0.9631 0.9700 0.9660 0.9776 0.9915 0.9679 0.9476 0.9684 0.9767 0.9791 0.9770 0.9565 -2.4534 -2.4543 -2.4402 -2.3881 -2.6853 -2.7587 -2.7406 -2.7459 -2.5524 -2.3515 -2.3055 -2.5905 -2.6421 -2.6312 -2.5413 -2.5069 0.2209 -3897384.8300 
-25.7683 6.0001 11.2066 0.1451 69.4514 0.0182 0.2659 7.7396 0.0014 1.0148 0.0234 -2.4751 0.1134 7.9096 7.7796 7.7741 7.7478 7.7310 7.7334 7.7350 7.7015 7.7230 7.7414 7.6954 7.7243 7.7073 7.6914 7.6981 7.7334 1.4993 1.4902 0.8719 0.8759 0.9631 0.9700 0.9660 0.9776 0.9915 0.9679 0.9476 0.9693 0.9767 0.9791 0.9758 0.9565 -2.4534 -2.4543 -2.4396 -2.3881 -2.6810 -2.7587 -2.7380 -2.7459 -2.5623 -2.3515 -2.3055 -2.5905 -2.6421 -2.6312 -2.5405 -2.5069 0.2209 -3897384.8300 
-25.8582 6.0435 11.2066 0.1450 69.4514 0.0182 0.2659 7.7384 0.0025 1.0167 0.0329 -2.4997 0.0450 7.9096 7.7796 7.7741 7.7478 7.7312 7.7334 7.7350 7.7016 7.7230 7.7414 7.6954 7.7243 7.7075 7.6913 7.6981 7.7334 1.4993 1.4902 0.8719 0.8759 0.9631 0.9700 0.9660 0.9781 0.9915 0.9676 0.9476 0.9693 0.9766 0.9791 0.9758 0.9575 -2.4534 -2.4374 -2.4316 -2.3879 -2.6810 -2.7587 -2.7380 -2.7459 -2.5623 -2.3350 -2.3055 -2.5905 -2.6421 -2.6312 -2.5405 -2.5069 0.2209 -3897384.4387 
-25.8582 6.0435 11.0846 0.1450 69.4067 0.0182 0.2652 7.7396 0.0024 1.0193 0.0323 -2.4974 0.0455 7.9107 7.7796 7.7741 7.7478 7.7312 7.7336 7.7350 7.7016 7.7230 7.7414 7.6954 7.7229 7.7075 7.6913 7.6990 7.7334 1.4993 1.4902 0.8777 0.8774 0.9631 0.9698 0.9657 0.9780 0.9915 0.9698 0.9478 0.9693 0.9766 0.9780 0.9758 0.9575 -2.4534 -2.4510 -2.4316 -2.3879 -2.6810 -2.7587 -2.7380 -2.7459 -2.5623 -2.3350 -2.3055 -2.5905 -2.6421 -2.6378 -2.5314 -2.5069 0.2209 -3897378.9575 
-25.8582 6.0435 11.0846 0.1450 69.4261 0.0182 0.2652 7.7390 0.0015 1.0212 0.0249 -2.4691 0.0578 7.9107 7.7796 7.7730 7.7491 7.7312 7.7336 7.7351 7.7016 7.7230 7.7414 7.6954 7.7229 7.7075 7.6921 7.6993 7.7334 1.4993 1.4902 0.8777 0.8774 0.9631 0.9698 0.9657 0.9772 0.9915 0.9681 0.9478 0.9693 0.9766 0.9780 0.9758 0.9577 -2.4461 -2.4418 -2.4572 -2.3879 -2.6810 -2.7645 -2.7380 -2.7459 -2.5623 -2.3344 -2.3055 -2.5922 -2.6421 -2.6229 -2.5409 -2.4973 0.2209 -3897381.3901 
-25.8355 6.0435 11.0846 0.1450 69.4261 0.0182 0.2660 7.7393 0.0041 1.0227 0.0277 -2.4815 0.0570 7.9098 7.7789 7.7730 7.7493 7.7305 7.7336 7.7351 7.7016 7.7230 7.7414 7.6954 7.7229 7.7078 7.6914 7.6993 7.7334 1.4999 1.4902 0.8770 0.8767 0.9631 0.9690 0.9657 0.9776 0.9915 0.9684 0.9478 0.9704 0.9769 0.9780 0.9758 0.9577 -2.4461 -2.4418 -2.4572 -2.3879 -2.6810 -2.7628 -2.7380 -2.7459 -2.5590 -2.3384 -2.3055 -2.5922 -2.6421 -2.6220 -2.5409 -2.4973 0.2225 -3897386.0931 
-25.8355 6.0435 11.0846 0.1450 69.4261 0.0182 0.2660 7.7384 0.0022 1.0129 0.0205 -2.4774 0.0475 7.9098 7.7789 7.7748 7.7488 7.7305 7.7355 7.7351 7.7016 7.7230 7.7409 7.6954 7.7229 7.7078 7.6914 7.6993 7.7334 1.4999 1.4954 0.8770 0.8767 0.9631 0.9690 0.9664 0.9776 0.9915 0.9696 0.9480 0.9699 0.9769 0.9779 0.9758 0.9577 -2.4461 -2.4418 -2.4572 -2.3879 -2.6810 -2.7628 -2.7380 -2.7415 -2.5590 -2.3384 -2.3181 -2.5922 -2.6421 -2.6220 -2.5409 -2.5171 0.2225 -3897385.2586 
-25.8355 6.1910 11.0846 0.1450 69.2633 0.0182 0.2660 7.7395 0.0025 1.0199 0.0406 -2.4787 0.0670 7.9098 7.7789 7.7757 7.7462 7.7305 7.7338 7.7348 7.7016 7.7236 7.7399 7.6954 7.7229 7.7066 7.6916 7.6988 7.7334 1.4999 1.4954 0.8750 0.8789 0.9631 0.9690 0.9662 0.9776 0.9916 0.9699 0.9477 0.9699 0.9769 0.9779 0.9758 0.9577 -2.4461 -2.4418 -2.4485 -2.3879 -2.6810 -2.7628 -2.7380 -2.7412 -2.5590 -2.3314 -2.3181 -2.5922 -2.6421 -2.6220 -2.5462 -2.5171 0.2225 -3897382.1203 
-25.8355 6.2881 11.0846 0.1454 69.2633 0.0168 0.2660 7.7386 0.0058 1.0071 0.0393 -2.4467 0.0472 7.9098 7.7789 7.7754 7.7465 7.7305 7.7338 7.7347 7.7016 7.7227 7.7399 7.6954 7.7229 7.7066 7.6916 7.6988 7.7334 1.4999 1.4862 0.8750 0.8789 0.9631 0.9688 0.9662 0.9776 0.9919 0.9699 0.9477 0.9705 0.9769 0.9779 0.9758 0.9577 -2.4461 -2.4569 -2.4485 -2.3879 -2.6810 -2.7628 -2.7380 -2.7427 -2.5611 -2.3376 -2.3181 -2.5922 -2.6421 -2.6218 -2.5462 -2.5171 0.2225 -3897383.9405 
-25.8355 6.4007 11.0846 0.1454 69.3514 0.0162 0.2660 7.7396 0.0016 1.0211 0.0576 -2.4667 0.0785 7.9098 7.7795 7.7754 7.7465 7.7316 7.7338 7.7347 7.7016 7.7227 7.7405 7.6954 7.7229 7.7066 7.6919 7.6996 7.7334 1.4991 1.4862 0.8869 0.8786 0.9631 0.9688 0.9662 0.9776 0.9919 0.9699 0.9477 0.9705 0.9762 0.9779 0.9758 0.9577 -2.4461 -2.4495 -2.4485 -2.3879 -2.6810 -2.7628 -2.7380 -2.7494 -2.5615 -2.3447 -2.3181 -2.5778 -2.6266 -2.6218 -2.5462 -2.5214 0.2216 -3897383.9443 
-25.9476 6.6580 11.0846 0.1454 69.3514 0.0163 0.2622 7.7379 0.0025 1.0179 0.0468 -2.4310 0.0975 7.9098 7.7799 7.7754 7.7465 7.7316 7.7345 7.7347 7.7016 7.7227 7.7405 7.6954 7.7229 7.7078 7.6919 7.7002 7.7333 1.4968 1.4862 0.8833 0.8786 0.9631 0.9688 0.9662 0.9776 0.9924 0.9699 0.9477 0.9690 0.9762 0.9779 0.9751 0.9577 -2.4461 -2.4495 -2.4485 -2.3879 -2.6810 -2.7600 -2.7380 -2.7527 -2.5622 -2.3447 -2.3181 -2.5778 -2.6266 -2.6349 -2.5458 -2.5067 0.2232 -3897385.3658 
-25.9476 6.6580 11.0846 0.1454 69.2974 0.0159 0.2642 7.7383 0.0016 1.0225 0.0352 -2.4968 0.1437 7.9098 7.7799 7.7736 7.7477 7.7300 7.7350 7.7345 7.7016 7.7227 7.7405 7.6954 7.7230 7.7078 7.6919 7.7000 7.7333 1.4994 1.4912 0.8833 0.8786 0.9631 0.9679 0.9662 0.9776 0.9924 0.9699 0.9505 0.9690 0.9762 0.9779 0.9751 0.9577 -2.4461 -2.4495 -2.4529 -2.3879 -2.6857 -2.7600 -2.7298 -2.7527 -2.5577 -2.3369 -2.3181 -2.5832 -2.6470 -2.6349 -2.5458 -2.5067 0.2232 -3897379.8489 
-25.9741 6.3975 11.0846 0.1448 69.2990 0.0159 0.2642 7.7389 0.0014 1.0033 0.0448 -2.5008 0.0674 7.9098 7.7797 7.7736 7.7463 7.7300 7.7350 7.7345 7.7012 7.7227 7.7405 7.6954 7.7230 7.7078 7.6919 7.7000 7.7332 1.4982 1.4912 0.8833 0.8786 0.9639 0.9678 0.9653 0.9773 0.9924 0.9699 0.9492 0.9690 0.9762 0.9779 0.9751 0.9577 -2.4447 -2.4541 -2.4529 -2.3879 -2.6857 -2.7600 -2.7298 -2.7527 -2.5604 -2.3379 -2.3214 -2.5832 -2.6464 -2.6260 -2.5458 -2.5067 0.2233 -3897379.0186 
-25.9741 6.3975 11.0638 0.1441 69.0248 0.0156 0.2642 7.7382 0.0034 1.0115 0.0189 -2.4716 0.0515 7.9098 7.7803 7.7736 7.7463 7.7300 7.7360 7.7345 7.7014 7.7227 7.7390 7.6954 7.7230 7.7078 7.6922 7.7000 7.7332 1.4982 1.4962 0.8833 0.8816 0.9639 0.9678 0.9650 0.9773 0.9924 0.9699 0.9492 0.9690 0.9762 0.9779 0.9751 0.9577 -2.4452 -2.4418 -2.4529 -2.3879 -2.6975 -2.7586 -2.7239 -2.7527 -2.5604 -2.3379 -2.3179 -2.5832 -2.6464 -2.6242 -2.5458 -2.5067 0.2233 -3897379.3781 
-25.9741 6.3975 11.0778 0.1441 69.0248 0.0156 0.2642 7.7397 0.0030 1.0116 0.0262 -2.4976 0.0588 7.9099 7.7803 7.7757 7.7458 7.7300 7.7360 7.7348 7.7012 7.7225 7.7390 7.6937 7.7230 7.7078 7.6922 7.6996 7.7330 1.4972 1.4962 0.8789 0.8816 0.9639 0.9678 0.9658 0.9773 0.9919 0.9699 0.9492 0.9695 0.9762 0.9779 0.9751 0.9579 -2.4470 -2.4532 -2.4465 -2.3966 -2.6975 -2.7586 -2.7239 -2.7527 -2.5604 -2.3393 -2.3089 -2.5823 -2.6464 -2.6242 -2.5458 -2.5067 0.2233 -3897383.1910 
-25.9741 6.3975 11.0778 0.1441 69.0619 0.0156 0.2642 7.7393 0.0017 1.0151 0.0193 -2.4799 0.0486 7.9099 7.7803 7.7757 7.7458 7.7318 7.7360 7.7344 7.7012 7.7225 7.7390 7.6937 7.7235 7.7078 7.6922 7.7006 7.7330 1.4983 1.4962 0.8789 0.8787 0.9614 0.9678 0.9658 0.9773 0.9919 0.9699 0.9492 0.9695 0.9762 0.9779 0.9751 0.9577 -2.4470 -2.4532 -2.4465 -2.3966 -2.6975 -2.7556 -2.7275 -2.7527 -2.5561 -2.3393 -2.3226 -2.5823 -2.6494 -2.6242 -2.5458 -2.5120 0.2233 -3897382.2688 
-25.9966 6.4934 11.0778 0.1445 69.0619 0.0156 0.2633 7.7389 0.0021 1.0173 0.0367 -2.4644 0.0354 7.9099 7.7802 7.7757 7.7469 7.7318 7.7361 7.7344 7.7012 7.7225 7.7412 7.6937 7.7231 7.7078 7.6922 7.6991 7.7330 1.4984 1.4962 0.8789 0.8787 0.9616 0.9678 0.9658 0.9773 0.9919 0.9699 0.9482 0.9695 0.9762 0.9779 0.9751 0.9577 -2.4470 -2.4532 -2.4338 -2.3966 -2.6771 -2.7449 -2.7354 -2.7527 -2.5611 -2.3508 -2.3231 -2.5823 -2.6494 -2.6242 -2.5471 -2.5120 0.2233 -3897384.1903 
-25.9966 6.3856 11.0778 0.1438 69.1143 0.0156 0.2633 7.7384 0.0030 1.0277 0.0344 -2.4553 0.1103 7.9099 7.7802 7.7756 7.7468 7.7321 7.7351 7.7346 7.7025 7.7225 7.7412 7.6967 7.7231 7.7076 7.6918 7.6997 7.7330 1.4984 1.4919 0.8698 0.8758 0.9616 0.9682 0.9658 0.9768 0.9919 0.9699 0.9462 0.9695 0.9762 0.9779 0.9746 0.9577 -2.4470 -2.4557 -2.4338 -2.3966 -2.6771 -2.7449 -2.7354 -2.7527 -2.5611 -2.3508 -2.3231 -2.5817 -2.6494 -2.6258 -2.5560 -2.5120 0.2233 -3897385.2036 
-25.9966 6.3856 11.0778 0.1438 69.1143 0.0156 0.2633 7.7390 0.0019 1.0174 0.0350 -2.4606 0.0554 7.9099 7.7802 7.7756 7.7465 7.7321 7.7351 7.7346 7.7026 7.7225 7.7412 7.6967 7.7231 7.7076 7.6922 7.7004 7.7330 1.4984 1.4919 0.8768 0.8758 0.9616 0.9673 0.9658 0.9772 0.9919 0.9699 0.9462 0.9695 0.9763 0.9765 0.9746 0.9590 -2.4470 -2.4417 -2.4338 -2.3966 -2.6771 -2.7412 -2.7354 -2.7527 -2.5619 -2.3424 -2.3195 -2.5817 -2.6467 -2.6347 -2.5453 -2.5120 0.2233 -3897386.4070 
-25.9966 6.3856 11.0705 0.1438 68.9837 0.0164 0.2634 7.7402 0.0021 1.0240 0.0418 -2.4714 0.0720 7.9099 7.7802 7.7756 7.7465 7.7321 7.7351 7.7346 7.7026 7.7225 7.7412 7.6952 7.7231 7.7076 7.6937 7.7004 7.7330 1.4984 1.4919 0.8753 0.8758 0.9611 0.9673 0.9652 0.9771 0.9919 0.9699 0.9466 0.9697 0.9760 0.9765 0.9746 0.9590 -2.4470 -2.4417 -2.4366 -2.3728 -2.6771 -2.7460 -2.7354 -2.7527 -2.5528 -2.3484 -2.3185 -2.5720 -2.6467 -2.6347 -2.5453 -2.5011 0.2233 -3897382.8370 
-25.9966 6.3856 11.0825 0.1438 68.9837 0.0164 0.2638 7.7397 0.0036 1.0397 0.0337 -2.4945 0.1250 7.9099 7.7802 7.7756 7.7482 7.7321 7.7351 7.7346 7.7026 7.7225 7.7412 7.6965 7.7229 7.7076 7.6937 7.6999 7.7310 1.4999 1.4682 0.8753 0.8758 0.9611 0.9673 0.9652 0.9769 0.9922 0.9699 0.9473 0.9697 0.9778 0.9765 0.9751 0.9596 -2.4485 -2.4451 -2.4366 -2.3728 -2.6771 -2.7460 -2.7337 -2.7527 -2.5552 -2.3484 -2.3185 -2.5771 -2.6467 -2.6347 -2.5453 -2.5011 0.2233 -3897384.0702 
-25.9968 6.3856 11.0825 0.1438 68.9271 0.0164 0.2642 7.7379 0.0017 1.0135 0.0256 -2.5021 0.0837 7.9099 7.7795 7.7739 7.7482 7.7330 7.7351 7.7353 7.7026 7.7225 7.7412 7.6965 7.7229 7.7057 7.6937 7.6999 7.7310 1.4999 1.4753 0.8728 0.8758 0.9611 0.9673 0.9652 0.9769 0.9922 0.9699 0.9473 0.9697 0.9778 0.9765 0.9743 0.9596 -2.4485 -2.4451 -2.4366 -2.3728 -2.6771 -2.7460 -2.7337 -2.7336 -2.5579 -2.3484 -2.3127 -2.5688 -2.6394 -2.6347 -2.5453 -2.5011 0.2229 -3897379.1324 
-25.9983 6.3856 11.0825 0.1422 68.9271 0.0160 0.2642 7.7393 0.0041 1.0143 0.0166 -2.4745 0.0588 7.9099 7.7795 7.7739 7.7469 7.7330 7.7360 7.7350 7.7026 7.7225 7.7412 7.6954 7.7223 7.7057 7.6932 7.6999 7.7310 1.4999 1.4753 0.8728 0.8766 0.9611 0.9678 0.9652 0.9769 0.9916 0.9699 0.9473 0.9695 0.9778 0.9765 0.9743 0.9596 -2.4464 -2.4387 -2.4392 -2.3759 -2.6771 -2.7460 -2.7337 -2.7454 -2.5619 -2.3484 -2.3127 -2.5688 -2.6394 -2.6347 -2.5456 -2.5011 0.2229 -3897381.0171 
-25.9763 6.3856 11.0825 0.1422 68.7877 0.0160 0.2642 7.7385 0.0016 1.0189 0.0166 -2.4546 0.0875 7.9099 7.7801 7.7739 7.7469 7.7330 7.7361 7.7350 7.7019 7.7225 7.7412 7.6954 7.7227 7.7057 7.6931 7.6999 7.7310 1.4999 1.4753 0.8739 0.8766 0.9611 0.9678 0.9652 0.9769 0.9918 0.9699 0.9487 0.9695 0.9778 0.9765 0.9743 0.9612 -2.4464 -2.4387 -2.4406 -2.3694 -2.6771 -2.7460 -2.7222 -2.7382 -2.5627 -2.3484 -2.3127 -2.5688 -2.6374 -2.6347 -2.5338 -2.5011 0.2229 -3897382.0163 
-25.9763 6.3856 11.0825 0.1422 68.7596 0.0160 0.2642 7.7391 0.0027 1.0143 0.0348 -2.4926 0.0381 7.9110 7.7801 7.7739 7.7469 7.7330 7.7361 7.7350 7.7019 7.7225 7.7412 7.6954 7.7224 7.7069 7.6931 7.6999 7.7295 1.4979 1.4753 0.8739 0.8766 0.9611 0.9670 0.9651 0.9769 0.9918 0.9699 0.9487 0.9687 0.9762 0.9773 0.9749 0.9612 -2.4464 -2.4387 -2.4406 -2.3694 -2.6768 -2.7460 -2.7222 -2.7433 -2.5627 -2.3484 -2.3127 -2.5688 -2.6374 -2.6323 -2.5338 -2.5011 0.2228 -3897387.5566 
-25.9763 6.3856 11.0825 0.1422 68.7596 0.0174 0.2642 7.7380 0.0034 0.9964 0.0378 -2.4670 0.0978 7.9110 7.7801 7.7739 7.7469 7.7321 7.7361 7.7350 7.7019 7.7225 7.7398 7.6941 7.7224 7.7069 7.6926 7.6999 7.7295 1.4979 1.4962 0.8739 0.8766 0.9604 0.9670 0.9651 0.9769 0.9918 0.9704 0.9487 0.9697 0.9769 0.9773 0.9752 0.9612 -2.4554 -2.4543 -2.4406 -2.3802 -2.6768 -2.7460 -2.7222 -2.7433 -2.5557 -2.3484 -2.3127 -2.5806 -2.6374 -2.6255 -2.5484 -2.5011 0.2243 -3897382.1381 
-25.9763 6.3856 11.0825 0.1422 68.8890 0.0174 0.2642 7.7398 0.0022 1.0220 0.0383 -2.4944 0.0627 7.9103 7.7801 7.7739 7.7467 7.7321 7.7361 7.7350 7.7019 7.7225 7.7398 7.6941 7.7236 7.7069 7.6925 7.6999 7.7308 1.4979 1.4962 0.8739 0.8784 0.9615 0.9666 0.9657 0.9769 0.9918 0.9704 0.9487 0.9676 0.9769 0.9773 0.9752 0.9594 -2.4514 -2.4548 -2.4406 -2.3802 -2.6768 -2.7612 -2.7222 -2.7433 -2.5557 -2.3484 -2.3043 -2.5806 -2.6374 -2.6255 -2.5358 -2.5087 0.2243 -3897377.9761 
-25.9763 6.2087 11.0617 0.1422 68.8883 0.0175 0.2632 7.7390 0.0030 1.0324 0.0324 -2.4763 0.0632 7.9103 7.7801 7.7739 7.7467 7.7321 7.7361 7.7353 7.7018 7.7225 7.7412 7.6941 7.7236 7.7069 7.6925 7.6999 7.7308 1.4979 1.4962 0.8779 0.8784 0.9615 0.9666 0.9657 0.9769 0.9918 0.9704 0.9487 0.9676 0.9766 0.9765 0.9752 0.9594 -2.4514 -2.4548 -2.4406 -2.3802 -2.6768 -2.7612 -2.7325 -2.7452 -2.5557 -2.3484 -2.3043 -2.5806 -2.6374 -2.6255 -2.5358 -2.5087 0.2243 -3897377.9946 
-26.0214 6.2087 11.0617 0.1426 69.0727 0.0175 0.2632 7.7384 0.0014 1.0230 0.0515 -2.4759 0.0743 7.9103 7.7800 7.7744 7.7467 7.7321 7.7361 7.7353 7.7018 7.7222 7.7412 7.6941 7.7248 7.7069 7.6932 7.6999 7.7308 1.4979 1.4962 0.8779 0.8784 0.9615 0.9666 0.9653 0.9765 0.9918 0.9704 0.9487 0.9676 0.9769 0.9765 0.9749 0.9594 -2.4448 -2.4548 -2.4406 -2.3802 -2.6768 -2.7612 -2.7325 -2.7452 -2.5557 -2.3484 -2.3043 -2.5806 -2.6374 -2.6255 -2.5358 -2.5087 0.2205 -3897379.8206 
-26.0214 6.2087 11.0617 0.1426 69.0727 0.0175 0.2632 7.7390 0.0031 1.0022 0.0546 -2.4600 0.0436 7.9103 7.7800 7.7744 7.7467 7.7321 7.7361 7.7353 7.7023 7.7222 7.7393 7.6941 7.7233 7.7069 7.6932 7.7001 7.7308 1.4980 1.4962 0.8779 0.8784 0.9615 0.9666 0.9653 0.9765 0.9918 0.9704 0.9487 0.9686 0.9767 0.9764 0.9740 0.9595 -2.4448 -2.4548 -2.4406 -2.3802 -2.6768 -2.7550 -2.7325 -2.7452 -2.5557 -2.3484 -2.3064 -2.5806 -2.6374 -2.6255 -2.5350 -2.5087 0.2222 -3897379.4757 
-26.0214 6.2089 11.0911 0.1426 69.0727 0.0176 0.2632 7.7380 0.0016 1.0217 0.0290 -2.4687 0.0656 7.9103 7.7804 7.7756 7.7464 7.7313 7.7361 7.7353 7.7023 7.7234 7.7393 7.6941 7.7240 7.7069 7.6928 7.7001 7.7308 1.4968 1.4962 0.8779 0.8752 0.9625 0.9666 0.9653 0.9765 0.9918 0.9704 0.9490 0.9686 0.9778 0.9764 0.9740 0.9595 -2.4548 -2.4548 -2.4406 -2.3802 -2.6810 -2.7550 -2.7325 -2.7452 -2.5608 -2.3370 -2.3064 -2.5806 -2.6421 -2.6255 -2.5350 -2.4951 0.2222 -3897375.7910 
-26.0214 6.2089 11.1451 0.1426 69.1889 0.0176 0.2632 7.7392 0.0016 1.0184 0.0395 -2.4686 0.0690 7.9101 7.7801 7.7756 7.7464 7.7313 7.7361 7.7353 7.7023 7.7234 7.7393 7.6941 7.7240 7.7069 7.6928 7.7001 7.7308 1.4983 1.4962 0.8842 0.8767 0.9615 0.9676 0.9653 0.9765 0.9918 0.9704 0.9490 0.9672 0.9778 0.9764 0.9741 0.9595 -2.4548 -2.4499 -2.4406 -2.3842 -2.6810 -2.7535 -2.7382 -2.7452 -2.5589 -2.3452 -2.3064 -2.5806 -2.6421 -2.6255 -2.5258 -2.4951 0.2222 -3897379.0885 
-26.0215 6.2089 11.1451 0.1421 69.1889 0.0158 0.2627 7.7390 0.0021 1.0196 0.0257 -2.4770 0.0706 7.9101 7.7798 7.7749 7.7477 7.7313 7.7359 7.7353 7.7026 7.7234 7.7393 7.6941 7.7255 7.7063 7.6928 7.7001 7.7308 1.4983 1.4962 0.8853 0.8767 0.9615 0.9676 0.9653 0.9765 0.9918 0.9704 0.9481 0.9672 0.9778 0.9764 0.9735 0.9607 -2.4508 -2.4559 -2.4406 -2.3842 -2.6752 -2.7535 -2.7382 -2.7452 -2.5577 -2.3452 -2.3064 -2.5954 -2.6421 -2.6255 -2.5258 -2.5176 0.2265 -3897380.9430 
-26.0215 6.2988 11.1088 0.1421 69.1889 0.0158 0.2638 7.7379 0.0020 1.0135 0.0169 -2.4802 0.0829 7.9101 7.7796 7.7749 7.7477 7.7313 7.7362 7.7353 7.7026 7.7234 7.7393 7.6941 7.7255 7.7063 7.6927 7.7010 7.7308 1.4992 1.4927 0.8820 0.8754 0.9640 0.9676 0.9653 0.9765 0.9918 0.9704 0.9481 0.9672 0.9788 0.9764 0.9736 0.9607 -2.4508 -2.4398 -2.4406 -2.3842 -2.6752 -2.7535 -2.7356 -2.7452 -2.5577 -2.3362 -2.3064 -2.5954 -2.6451 -2.6281 -2.5271 -2.5176 0.2265 -3897382.6485 
-26.0215 6.2988 11.1976 0.1421 69.1889 0.0158 0.2638 7.7393 0.0033 1.0233 0.0257 -2.4583 0.0737 7.9101 7.7796 7.7749 7.7480 7.7313 7.7362 7.7353 7.7023 7.7234 7.7393 7.6941 7.7255 7.7063 7.6922 7.7010 7.7308 1.4992 1.4983 0.8685 0.8754 0.9604 0.9680 0.9652 0.9765 0.9927 0.9704 0.9480 0.9672 0.9788 0.9764 0.9736 0.9607 -2.4508 -2.4425 -2.4406 -2.3842 -2.6752 -2.7535 -2.7293 -2.7452 -2.5565 -2.3336 -2.3064 -2.5804 -2.6377 -2.6281 -2.5271 -2.5176 0.2265 -3897385.2751 
-26.0215 6.2988 11.1976 0.1425 69.1889 0.0158 0.2638 7.7384 0.0018 1.0164 0.0227 -2.4794 0.0532 7.9094 7.7796 7.7749 7.7480 7.7331 7.7362 7.7349 7.7014 7.7234 7.7393 7.6948 7.7255 7.7063 7.6921 7.7010 7.7308 1.4992 1.4804 0.8685 0.8754 0.9607 0.9677 0.9652 0.9788 0.9927 0.9704 0.9480 0.9672 0.9786 0.9764 0.9736 0.9607 -2.4508 -2.4462 -2.4329 -2.3842 -2.6752 -2.7535 -2.7307 -2.7452 -2.5637 -2.3336 -2.3064 -2.5895 -2.6485 -2.6281 -2.5467 -2.5176 0.2265 -3897388.1514 
-26.0215 6.2988 11.1976 0.1425 69.1889 0.0142 0.2625 7.7392 0.0020 0.9980 0.0268 -2.4846 0.1439 7.9094 7.7796 7.7743 7.7480 7.7331 7.7362 7.7349 7.7014 7.7234 7.7393 7.6953 7.7251 7.7058 7.6936 7.7011 7.7308 1.4992 1.4804 0.8685 0.8756 0.9609 0.9670 0.9654 0.9778 0.9927 0.9704 0.9480 0.9674 0.9786 0.9764 0.9737 0.9607 -2.4508 -2.4462 -2.4355 -2.3842 -2.6752 -2.7535 -2.7307 -2.7452 -2.5600 -2.3336 -2.3064 -2.5895 -2.6363 -2.6281 -2.5467 -2.5069 0.2300 -3897381.3492 
-26.0215 6.2988 11.1748 0.1425 69.1623 0.0141 0.2625 7.7388 0.0028 1.0135 0.0303 -2.5186 0.0802 7.9105 7.7809 7.7738 7.7480 7.7331 7.7362 7.7352 7.7014 7.7234 7.7393 7.6953 7.7264 7.7051 7.6937 7.7011 7.7308 1.4992 1.4804 0.8810 0.8756 0.9609 0.9670 0.9654 0.9778 0.9927 0.9704 0.9497 0.9674 0.9786 0.9763 0.9737 0.9607 -2.4508 -2.4462 -2.4355 -2.3900 -2.6804 -2.7544 -2.7287 -2.7452 -2.5600 -2.3336 -2.3064 -2.5895 -2.6363 -2.6281 -2.5387 -2.5069 0.2300 -3897379.8715 
-26.0215 6.2988 11.1198 0.1425 69.1623 0.0127 0.2625 7.7401 0.0028 1.0099 0.0542 -2.5071 0.0598 7.9105 7.7809 7.7743 7.7479 7.7331 7.7362 7.7345 7.7015 7.7218 7.7393 7.6953 7.7237 7.7051 7.6928 7.7013 7.7308 1.4992 1.4804 0.8810 0.8770 0.9609 0.9670 0.9655 0.9778 0.9927 0.9704 0.9497 0.9674 0.9786 0.9763 0.9732 0.9607 -2.4508 -2.4460 -2.4355 -2.3900 -2.6804 -2.7544 -2.7271 -2.7452 -2.5587 -2.3336 -2.3064 -2.5670 -2.6363 -2.6284 -2.5387 -2.5069 0.2304 -3897384.2309 
-26.0215 6.2988 11.1198 0.1435 69.1623 0.0141 0.2631 7.7393 0.0021 1.0183 0.0185 -2.4687 0.0687 7.9105 7.7809 7.7740 7.7479 7.7331 7.7362 7.7345 7.7015 7.7218 7.7393 7.6953 7.7237 7.7051 7.6928 7.7013 7.7308 1.4992 1.4931 0.8758 0.8770 0.9608 0.9678 0.9659 0.9778 0.9923 0.9704 0.9479 0.9674 0.9786 0.9771 0.9732 0.9607 -2.4508 -2.4460 -2.4355 -2.3900 -2.6804 -2.7544 -2.7298 -2.7452 -2.5587 -2.3336 -2.3068 -2.5639 -2.6363 -2.6351 -2.5387 -2.5069 0.2304 -3897382.6053 
-26.0215 6.3789 11.1230 0.1435 69.1623 0.0141 0.2631 7.7384 0.0014 1.0081 0.0230 -2.4686 0.0599 7.9105 7.7790 7.7740 7.7479 7.7331 7.7362 7.7345 7.7013 7.7218 7.7393 7.6953 7.7237 7.7051 7.6928 7.7012 7.7308 1.4992 1.4931 0.8758 0.8770 0.9608 0.9667 0.9659 0.9778 0.9929 0.9704 0.9483 0.9676 0.9786 0.9771 0.9732 0.9607 -2.4508 -2.4414 -2.4355 -2.3900 -2.6804 -2.7544 -2.7312 -2.7452 -2.5587 -2.3496 -2.3186 -2.5851 -2.6363 -2.6351 -2.5358 -2.5069 0.2304 -3897379.7673 
-26.0418 6.3789 11.1230 0.1424 69.0706 0.0141 0.2631 7.7391 0.0019 1.0126 0.0304 -2.4943 0.0437 7.9110 7.7790 7.7740 7.7479 7.7331 7.7362 7.7345 7.7013 7.7218 7.7393 7.6953 7.7237 7.7051 7.6928 7.7012 7.7308 1.4992 1.4815 0.8758 0.8770 0.9608 0.9667 0.9659 0.9778 0.9935 0.9730 0.9483 0.9671 0.9786 0.9771 0.9739 0.9607 -2.4508 -2.4432 -2.4466 -2.3900 -2.6804 -2.7544 -2.7312 -2.7452 -2.5587 -2.3496 -2.3186 -2.5851 -2.6363 -2.6351 -2.5384 -2.5123 0.2287 -3897378.8109 
-26.0418 6.3789 11.1230 0.1424 69.0706 0.0141 0.2631 7.7386 0.0019 1.0012 0.0205 -2.4739 0.0846 7.9110 7.7808 7.7740 7.7479 7.7331 7.7366 7.7345 7.7014 7.7218 7.7393 7.6953 7.7237 7.7051 7.6928 7.7012 7.7308 1.4992 1.4815 0.8758 0.8763 0.9608 0.9667 0.9659 0.9778 0.9935 0.9698 0.9483 0.9681 0.9786 0.9771 0.9739 0.9596 -2.4508 -2.4509 -2.4399 -2.3900 -2.6804 -2.7544 -2.7312 -2.7452 -2.5587 -2.3496 -2.3186 -2.5851 -2.6363 -2.6351 -2.5384 -2.5123 0.2250 -3897374.9086 
-26.0418 6.2685 11.1230 0.1424 69.0706 0.0158 0.2631 7.7383 0.0041 1.0181 0.0283 -2.4519 0.1059 7.9106 7.7802 7.7742 7.7481 7.7321 7.7366 7.7345 7.7014 7.7202 7.7413 7.6949 7.7237 7.7057 7.6932 7.7003 7.7308 1.4992 1.4815 0.8787 0.8763 0.9611 0.9667 0.9659 0.9774 0.9947 0.9699 0.9483 0.9681 0.9789 0.9771 0.9746 0.9595 -2.4508 -2.4509 -2.4483 -2.3900 -2.6804 -2.7544 -2.7312 -2.7452 -2.5566 -2.3496 -2.3000 -2.5851 -2.6363 -2.6351 -2.5384 -2.5123 0.2250 -3897374.9086 
-26.0418 6.2685 11.1230 0.1424 69.1119 0.0152 0.2631 7.7387 0.0019 1.0187 0.0274 -2.4547 0.0518 7.9106 7.7802 7.7742 7.7483 7.7321 7.7366 7.7345 7.7014 7.7202 7.7413 7.6947 7.7237 7.7061 7.6936 7.7013 7.7308 1.4992 1.4815 0.8745 0.8763 0.9611 0.9667 0.9659 0.9777 0.9947 0.9699 0.9483 0.9681 0.9789 0.9771 0.9746 0.9595 -2.4524 -2.4495 -2.4393 -2.3900 -2.6804 -2.7590 -2.7327 -2.7477 -2.5567 -2.3496 -2.3027 -2.5851 -2.6363 -2.6351 -2.5466 -2.5123 0.2269 -3897374.3891 
-26.0418 6.2685 11.1230 0.1424 69.1119 0.0152 0.2631 7.7384 0.0016 1.0159 0.0883 -2.4713 0.0698 7.9106 7.7802 7.7744 7.7483 7.7334 7.7366 7.7345 7.7009 7.7202 7.7413 7.6947 7.7237 7.7049 7.6936 7.7007 7.7313 1.4992 1.4815 0.8679 0.8763 0.9611 0.9667 0.9659 0.9777 0.9947 0.9687 0.9477 0.9681 0.9789 0.9771 0.9746 0.9592 -2.4524 -2.4495 -2.4357 -2.3900 -2.6781 -2.7590 -2.7327 -2.7477 -2.5567 -2.3496 -2.3027 -2.5851 -2.6363 -2.6351 -2.5461 -2.5123 0.2246 -3897377.2159 
-26.0418 6.2685 11.1230 0.1424 69.1366 0.0152 0.2631 7.7386 0.0015 0.9913 0.0274 -2.4895 0.0628 7.9106 7.7802 7.7744 7.7478 7.7334 7.7366 7.7345 7.7006 7.7202 7.7424 7.6947 7.7247 7.7049 7.6936 7.7003 7.7331 1.4992 1.4624 0.8679 0.8773 0.9611 0.9678 0.9659 0.9777 0.9947 0.9687 0.9478 0.9681 0.9789 0.9771 0.9746 0.9576 -2.4524 -2.4455 -2.4547 -2.3900 -2.6903 -2.7590 -2.7357 -2.7477 -2.5567 -2.3496 -2.3027 -2.5851 -2.6437 -2.6351 -2.5461 -2.5123 0.2246 -3897378.9765 
-26.0418 6.1807 11.1230 0.1425 69.1366 0.0165 0.2638 7.7396 0.0020 1.0177 0.0279 -2.4899 0.0383 7.9107 7.7802 7.7749 7.7478 7.7334 7.7359 7.7351 7.7009 7.7202 7.7424 7.6947 7.7247 7.7054 7.6932 7.7003 7.7331 1.4989 1.4624 0.8725 0.8773 0.9611 0.9678 0.9659 0.9777 0.9947 0.9687 0.9478 0.9684 0.9789 0.9771 0.9738 0.9576 -2.4524 -2.4405 -2.4318 -2.3900 -2.6903 -2.7517 -2.7357 -2.7477 -2.5572 -2.3474 -2.3102 -2.5851 -2.6437 -2.6351 -2.5461 -2.5098 0.2246 -3897382.7938 
-26.0407 6.1807 11.1635 0.1425 69.2060 0.0156 0.2638 7.7394 0.0025 1.0157 0.0252 -2.4846 0.0532 7.9100 7.7801 7.7749 7.7482 7.7334 7.7359 7.7351 7.7009 7.7202 7.7424 7.6965 7.7254 7.7060 7.6929 7.7013 7.7331 1.4986 1.4624 0.8716 0.8773 0.9611 0.9678 0.9659 0.9777 0.9947 0.9687 0.9478 0.9667 0.9789 0.9771 0.9738 0.9576 -2.4524 -2.4553 -2.4318 -2.3720 -2.6903 -2.7517 -2.7357 -2.7477 -2.5572 -2.3467 -2.3102 -2.5851 -2.6437 -2.6353 -2.5366 -2.5098 0.2246 -3897381.2661 
-26.0407 6.2145 11.1258 0.1425 69.1943 0.0156 0.2638 7.7395 0.0035 1.0116 0.0198 -2.4786 0.0344 7.9100 7.7797 7.7754 7.7482 7.7317 7.7359 7.7351 7.7010 7.7195 7.7424 7.6966 7.7255 7.7060 7.6929 7.6998 7.7331 1.4986 1.4624 0.8695 0.8767 0.9612 0.9673 0.9659 0.9777 0.9947 0.9687 0.9459 0.9667 0.9789 0.9771 0.9738 0.9574 -2.4532 -2.4553 -2.4436 -2.3720 -2.6948 -2.7489 -2.7357 -2.7472 -2.5517 -2.3467 -2.3102 -2.5864 -2.6450 -2.6353 -2.5346 -2.5079 0.2246 -3897383.2714 
-25.9654 6.2145 11.0709 0.1425 69.1943 0.0148 0.2638 7.7390 0.0039 1.0219 0.0251 -2.4778 0.0676 7.9100 7.7806 7.7738 7.7482 7.7317 7.7359 7.7343 7.7010 7.7195 7.7424 7.6965 7.7246 7.7063 7.6929 7.7000 7.7331 1.4986 1.4999 0.8695 0.8767 0.9621 0.9673 0.9659 0.9779 0.9947 0.9678 0.9459 0.9667 0.9789 0.9771 0.9738 0.9574 -2.4532 -2.4467 -2.4485 -2.3928 -2.6948 -2.7489 -2.7357 -2.7472 -2.5597 -2.3467 -2.3126 -2.5864 -2.6450 -2.6353 -2.5346 -2.5094 0.2230 -3897385.6018 
-25.9654 6.3898 11.0709 0.1425 69.1943 0.0162 0.2655 7.7399 0.0043 1.0075 0.0426 -2.5035 0.0699 7.9100 7.7802 7.7735 7.7465 7.7319 7.7355 7.7343 7.7004 7.7195 7.7424 7.6959 7.7262 7.7063 7.6917 7.7012 7.7331 1.4986 1.4999 0.8695 0.8767 0.9621 0.9673 0.9659 0.9779 0.9947 0.9678 0.9459 0.9658 0.9789 0.9792 0.9738 0.9574 -2.4532 -2.4467 -2.4485 -2.3928 -2.6811 -2.7489 -2.7357 -2.7472 -2.5597 -2.3467 -2.3126 -2.5864 -2.6450 -2.6374 -2.5346 -2.5094 0.2230 -3897386.0214 
-25.9654 6.2151 11.0709 0.1455 69.1943 0.0162 0.2655 7.7392 0.0065 1.0287 0.0588 -2.4711 0.0462 7.9103 7.7802 7.7735 7.7465 7.7319 7.7355 7.7343 7.7004 7.7193 7.7424 7.6959 7.7262 7.7063 7.6910 7.7012 7.7331 1.4986 1.4999 0.8695 0.8767 0.9621 0.9683 0.9659 0.9779 0.9947 0.9680 0.9459 0.9656 0.9789 0.9792 0.9736 0.9583 -2.4518 -2.4490 -2.4485 -2.3907 -2.6811 -2.7489 -2.7357 -2.7450 -2.5610 -2.3453 -2.3190 -2.5864 -2.6450 -2.6374 -2.5444 -2.5094 0.2230 -3897392.8597 
-25.9654 6.2151 11.0709 0.1448 69.1943 0.0169 0.2651 7.7377 0.0036 0.9960 0.0282 -2.4796 0.1279 7.9103 7.7802 7.7735 7.7465 7.7319 7.7355 7.7343 7.7000 7.7193 7.7433 7.6959 7.7262 7.7063 7.6909 7.7020 7.7331 1.4986 1.4999 0.8695 0.8762 0.9621 0.9683 0.9666 0.9790 0.9947 0.9680 0.9459 0.9659 0.9789 0.9786 0.9725 0.9590 -2.4518 -2.4490 -2.4551 -2.3907 -2.6773 -2.7489 -2.7357 -2.7450 -2.5610 -2.3449 -2.2992 -2.5933 -2.6450 -2.6374 -2.5343 -2.5094 0.2230 -3897392.6063 
-25.9654 6.2899 11.1119 0.1458 69.1943 0.0169 0.2651 7.7398 0.0027 1.0176 0.0320 -2.4498 0.0658 7.9103 7.7802 7.7748 7.7465 7.7319 7.7355 7.7343 7.7006 7.7203 7.7433 7.6959 7.7262 7.7049 7.6909 7.7020 7.7331 1.4986 1.4999 0.8695 0.8762 0.9621 0.9679 0.9654 0.9790 0.9947 0.9680 0.9459 0.9659 0.9789 0.9786 0.9728 0.9590 -2.4518 -2.4581 -2.4405 -2.3907 -2.6861 -2.7489 -2.7401 -2.7450 -2.5610 -2.3449 -2.2996 -2.5744 -2.6450 -2.6300 -2.5401 -2.5094 0.2230 -3897389.5893 
-25.9441 6.2899 11.1119 0.1458 69.1943 0.0171 0.2634 7.7385 0.0022 1.0134 0.0202 -2.4705 0.0311 7.9103 7.7802 7.7748 7.7465 7.7319 7.7355 7.7343 7.7005 7.7203 7.7433 7.6959 7.7262 7.7049 7.6911 7.7019 7.7331 1.4991 1.4985 0.8695 0.8762 0.9621 0.9669 0.9662 0.9790 0.9947 0.9680 0.9459 0.9659 0.9789 0.9789 0.9732 0.9567 -2.4441 -2.4581 -2.4447 -2.3907 -2.6861 -2.7489 -2.7401 -2.7450 -2.5518 -2.3449 -2.2996 -2.5758 -2.6450 -2.6300 -2.5401 -2.5094 0.2230 -3897388.9499 
-25.9781 6.2899 11.0824 0.1433 69.2237 0.0162 0.2659 7.7393 0.0019 1.0130 0.0714 -2.4749 0.0664 7.9103 7.7802 7.7752 7.7465 7.7319 7.7355 7.7343 7.6999 7.7197 7.7433 7.6962 7.7262 7.7053 7.6918 7.7007 7.7331 1.4991 1.4985 0.8695 0.8762 0.9621 0.9689 0.9662 0.9784 0.9938 0.9680 0.9485 0.9659 0.9789 0.9789 0.9741 0.9581 -2.4441 -2.4538 -2.4341 -2.3988 -2.6861 -2.7489 -2.7432 -2.7450 -2.5518 -2.3449 -2.3031 -2.5884 -2.6450 -2.6380 -2.5401 -2.5023 0.2230 -3897391.3800 
-25.9134 6.2899 11.0824 0.1433 69.2237 0.0176 0.2659 7.7390 0.0022 1.0049 0.0314 -2.4494 0.0770 7.9103 7.7800 7.7755 7.7465 7.7319 7.7342 7.7343 7.7008 7.7199 7.7423 7.6920 7.7262 7.7061 7.6918 7.7007 7.7335 1.4991 1.4985 0.8695 0.8762 0.9621 0.9689 0.9662 0.9782 0.9938 0.9680 0.9484 0.9665 0.9781 0.9784 0.9734 0.9581 -2.4441 -2.4538 -2.4291 -2.3988 -2.6861 -2.7594 -2.7432 -2.7394 -2.5533 -2.3449 -2.3082 -2.5882 -2.6450 -2.6380 -2.5401 -2.5132 0.2230 -3897388.7797 
-25.8352 6.1389 11.1319 0.1433 69.2237 0.0176 0.2659 7.7386 0.0026 1.0190 0.0608 -2.4616 0.0577 7.9103 7.7791 7.7746 7.7454 7.7319 7.7342 7.7343 7.7008 7.7199 7.7423 7.6929 7.7262 7.7061 7.6921 7.7010 7.7335 1.4991 1.4985 0.8695 0.8762 0.9615 0.9689 0.9659 0.9782 0.9938 0.9691 0.9484 0.9665 0.9788 0.9784 0.9734 0.9581 -2.4508 -2.4512 -2.4285 -2.3988 -2.6861 -2.7519 -2.7432 -2.7394 -2.5533 -2.3513 -2.3082 -2.5882 -2.6450 -2.6380 -2.5401 -2.5132 0.2230 -3897387.2573 
-25.8352 6.1389 11.1319 0.1433 69.2237 0.0176 0.2659 7.7398 0.0012 1.0451 0.0175 -2.4836 0.1045 7.9103 7.7791 7.7746 7.7443 7.7319 7.7342 7.7343 7.7008 7.7210 7.7404 7.6929 7.7262 7.7061 7.6921 7.7015 7.7335 1.4991 1.4702 0.8673 0.8779 0.9615 0.9693 0.9659 0.9782 0.9938 0.9689 0.9486 0.9665 0.9788 0.9784 0.9734 0.9581 -2.4508 -2.4484 -2.4312 -2.3988 -2.6861 -2.7550 -2.7432 -2.7394 -2.5561 -2.3513 -2.3082 -2.5882 -2.6450 -2.6380 -2.5440 -2.5132 0.2230 -3897390.3897 
-25.8481 6.1389 11.1319 0.1444 69.2237 0.0176 0.2657 7.7383 0.0019 1.0140 0.0422 -2.4790 0.0428 7.9105 7.7791 7.7743 7.7464 7.7319 7.7342 7.7343 7.7009 7.7210 7.7404 7.6929 7.7262 7.7061 7.6918 7.7015 7.7335 1.4991 1.4702 0.8673 0.8797 0.9615 0.9693 0.9659 0.9782 0.9936 0.9689 0.9486 0.9660 0.9788 0.9784 0.9734 0.9581 -2.4508 -2.4448 -2.4329 -2.3988 -2.6861 -2.7558 -2.7432 -2.7394 -2.5561 -2.3513 -2.3082 -2.5760 -2.6436 -2.6380 -2.5458 -2.5102 0.2231 -3897384.8571 
-25.9587 6.1389 11.1319 0.1444 69.2237 0.0180 0.2657 7.7381 0.0019 1.0269 0.0365 -2.4651 0.0973 7.9105 7.7791 7.7743 7.7464 7.7319 7.7342 7.7342 7.7015 7.7210 7.7404 7.6929 7.7262 7.7062 7.6914 7.7009 7.7335 1.4991 1.4702 0.8673 0.8797 0.9615 0.9693 0.9659 0.9780 0.9936 0.9709 0.9486 0.9660 0.9788 0.9784 0.9743 0.9581 -2.4508 -2.4448 -2.4329 -2.3988 -2.6826 -2.7558 -2.7432 -2.7394 -2.5561 -2.3513 -2.3082 -2.5691 -2.6436 -2.6380 -2.5458 -2.5102 0.2228 -3897384.8571 
-25.8543 6.1389 11.1319 0.1444 69.2237 0.0180 0.2657 7.7394 0.0017 1.0181 0.0186 -2.4847 0.0987 7.9105 7.7805 7.7743 7.7464 7.7314 7.7342 7.7350 7.7012 7.7207 7.7404 7.6929 7.7262 7.7062 7.6914 7.7009 7.7335 1.4991 1.4702 0.8742 0.8797 0.9615 0.9693 0.9665 0.9780 0.9936 0.9709 0.9486 0.9659 0.9784 0.9787 0.9741 0.9581 -2.4508 -2.4453 -2.4409 -2.3988 -2.6826 -2.7558 -2.7363 -2.7394 -2.5582 -2.3513 -2.3201 -2.5691 -2.6436 -2.6380 -2.5458 -2.5102 0.2228 -3897381.9208 
-25.8543 6.2595 11.1319 0.1444 69.2237 0.0180 0.2657 7.7387 0.0022 1.0159 0.0302 -2.4595 0.0501 7.9105 7.7805 7.7743 7.7464 7.7314 7.7342 7.7350 7.7012 7.7221 7.7404 7.6950 7.7262 7.7051 7.6917 7.7005 7.7341 1.4991 1.4702 0.8742 0.8797 0.9615 0.9681 0.9659 0.9780 0.9936 0.9709 0.9486 0.9659 0.9784 0.9793 0.9741 0.9581 -2.4508 -2.4453 -2.4409 -2.3988 -2.6826 -2.7558 -2.7308 -2.7387 -2.5582 -2.3513 -2.3202 -2.5691 -2.6436 -2.6380 -2.5466 -2.5102 0.2228 -3897380.7353 
-25.8543 6.2595 11.0162 0.1444 69.2237 0.0180 0.2657 7.7387 0.0019 1.0153 0.0275 -2.4819 0.0605 7.9097 7.7791 7.7743 7.7464 7.7314 7.7342 7.7341 7.7011 7.7221 7.7404 7.6950 7.7261 7.7051 7.6914 7.7005 7.7336 1.4991 1.4930 0.8751 0.8797 0.9614 0.9681 0.9659 0.9780 0.9934 0.9709 0.9486 0.9659 0.9784 0.9793 0.9741 0.9581 -2.4508 -2.4453 -2.4436 -2.3988 -2.6826 -2.7558 -2.7308 -2.7387 -2.5582 -2.3344 -2.3202 -2.5915 -2.6485 -2.6380 -2.5278 -2.5046 0.2227 -3897385.3837 
-25.7362 6.2595 11.0162 0.1444 69.2237 0.0180 0.2666 7.7386 0.0034 1.0254 0.0327 -2.4915 0.0566 7.9097 7.7791 7.7743 7.7464 7.7323 7.7342 7.7341 7.7008 7.7221 7.7404 7.6950 7.7261 7.7051 7.6914 7.7005 7.7336 1.4991 1.4930 0.8751 0.8797 0.9614 0.9681 0.9659 0.9780 0.9934 0.9709 0.9477 0.9659 0.9798 0.9795 0.9743 0.9569 -2.4462 -2.4453 -2.4436 -2.3988 -2.6826 -2.7558 -2.7308 -2.7387 -2.5536 -2.3344 -2.3202 -2.5825 -2.6502 -2.6380 -2.5278 -2.5046 0.2227 -3897387.2841 
-25.7122 6.2595 11.0254 0.1444 69.2237 0.0180 0.2666 7.7373 0.0020 1.0127 0.0280 -2.4741 0.0767 7.9108 7.7805 7.7736 7.7464 7.7323 7.7344 7.7341 7.7008 7.7212 7.7404 7.6950 7.7261 7.7054 7.6912 7.7005 7.7336 1.4991 1.4932 0.8765 0.8797 0.9614 0.9681 0.9659 0.9780 0.9935 0.9709 0.9477 0.9666 0.9787 0.9795 0.9743 0.9561 -2.4462 -2.4453 -2.4436 -2.3988 -2.6826 -2.7558 -2.7308 -2.7391 -2.5625 -2.3383 -2.3188 -2.5825 -2.6320 -2.6397 -2.5335 -2.5046 0.2251 -3897382.7451 
-25.7122 6.2595 11.0254 0.1444 69.2237 0.0170 0.2666 7.7391 0.0023 1.0118 0.0269 -2.4843 0.0560 7.9108 7.7805 7.7736 7.7468 7.7323 7.7351 7.7341 7.7008 7.7212 7.7400 7.6950 7.7261 7.7054 7.6912 7.7005 7.7336 1.4991 1.4960 0.8765 0.8817 0.9614 0.9681 0.9659 0.9786 0.9936 0.9709 0.9505 0.9666 0.9787 0.9798 0.9745 0.9564 -2.4462 -2.4507 -2.4436 -2.3980 -2.6826 -2.7558 -2.7308 -2.7391 -2.5625 -2.3440 -2.3188 -2.5869 -2.6320 -2.6397 -2.5335 -2.5027 0.2251 -3897381.3129 
-25.7773 5.9933 11.0073 0.1424 69.1232 0.0167 0.2657 7.7389 0.0035 1.0138 0.0246 -2.4831 0.0572 7.9104 7.7805 7.7739 7.7468 7.7315 7.7351 7.7346 7.7008 7.7212 7.7400 7.6946 7.7258 7.7054 7.6904 7.7004 7.7334 1.4991 1.4960 0.8760 0.8817 0.9619 0.9681 0.9659 0.9785 0.9940 0.9709 0.9505 0.9666 0.9784 0.9798 0.9745 0.9564 -2.4462 -2.4507 -2.4436 -2.3925 -2.6826 -2.7558 -2.7349 -2.7391 -2.5487 -2.3356 -2.3188 -2.5869 -2.6383 -2.6261 -2.5335 -2.5027 0.2251 -3897381.3458 
-25.7773 5.9933 11.0073 0.1440 69.1232 0.0182 0.2657 7.7372 0.0030 1.0128 0.0392 -2.4652 0.0449 7.9104 7.7793 7.7739 7.7468 7.7315 7.7351 7.7346 7.7008 7.7209 7.7400 7.6946 7.7258 7.7054 7.6906 7.7004 7.7334 1.4978 1.4960 0.8760 0.8817 0.9619 0.9681 0.9659 0.9785 0.9937 0.9709 0.9505 0.9666 0.9784 0.9798 0.9745 0.9564 -2.4469 -2.4507 -2.4436 -2.3925 -2.6703 -2.7558 -2.7349 -2.7391 -2.5487 -2.3518 -2.3188 -2.5792 -2.6383 -2.6250 -2.5335 -2.5027 0.2243 -3897383.1570 
-25.7773 5.9933 11.0073 0.1440 69.1232 0.0182 0.2648 7.7376 0.0042 1.0102 0.0606 -2.4643 0.0342 7.9104 7.7793 7.7744 7.7452 7.7315 7.7351 7.7339 7.7008 7.7209 7.7400 7.6934 7.7252 7.7054 7.6906 7.7004 7.7334 1.4978 1.4960 0.8760 0.8823 0.9619 0.9681 0.9667 0.9785 0.9925 0.9719 0.9502 0.9662 0.9786 0.9798 0.9745 0.9564 -2.4469 -2.4548 -2.4436 -2.3925 -2.6703 -2.7605 -2.7311 -2.7470 -2.5593 -2.3518 -2.3188 -2.5792 -2.6383 -2.6250 -2.5335 -2.5027 0.2233 -3897386.1869 
-25.8837 5.9933 11.0073 0.1440 69.1989 0.0182 0.2648 7.7380 0.0024 1.0490 0.0379 -2.4788 0.0652 7.9104 7.7793 7.7749 7.7452 7.7315 7.7351 7.7339 7.7008 7.7219 7.7400 7.6934 7.7252 7.7056 7.6906 7.7004 7.7334 1.4978 1.4970 0.8760 0.8823 0.9619 0.9681 0.9665 0.9785 0.9936 0.9721 0.9518 0.9652 0.9786 0.9798 0.9745 0.9574 -2.4522 -2.4548 -2.4436 -2.3925 -2.6769 -2.7605 -2.7311 -2.7470 -2.5547 -2.3518 -2.3188 -2.5792 -2.6383 -2.6250 -2.5335 -2.5027 0.2244 -3897385.7183 
-25.8837 5.9933 11.0073 0.1440 69.1989 0.0175 0.2652 7.7377 0.0036 1.0294 0.0543 -2.4671 0.0510 7.9119 7.7793 7.7749 7.7464 7.7328 7.7353 7.7339 7.7008 7.7219 7.7400 7.6934 7.7252 7.7056 7.6906 7.7002 7.7334 1.4978 1.4970 0.8760 0.8823 0.9593 0.9681 0.9665 0.9785 0.9936 0.9720 0.9518 0.9652 0.9786 0.9798 0.9745 0.9574 -2.4522 -2.4548 -2.4357 -2.3925 -2.6769 -2.7605 -2.7311 -2.7470 -2.5598 -2.3514 -2.3188 -2.5792 -2.6447 -2.6250 -2.5364 -2.5003 0.2244 -3897387.2964 
-25.8996 5.9933 11.0073 0.1440 69.1989 0.0175 0.2652 7.7377 0.0022 0.9988 0.0281 -2.4638 0.0393 7.9110 7.7793 7.7741 7.7464 7.7329 7.7353 7.7335 7.7010 7.7219 7.7400 7.6934 7.7257 7.7056 7.6906 7.7002 7.7334 1.4978 1.4970 0.8781 0.8823 0.9633 0.9681 0.9665 0.9785 0.9936 0.9723 0.9507 0.9652 0.9786 0.9798 0.9745 0.9584 -2.4522 -2.4548 -2.4357 -2.3830 -2.6769 -2.7605 -2.7330 -2.7470 -2.5580 -2.3514 -2.3188 -2.5808 -2.6447 -2.6250 -2.5364 -2.5003 0.2259 -3897391.6176 
-25.8996 5.9933 11.0073 0.1440 69.1989 0.0175 0.2652 7.7386 0.0033 1.0261 0.0264 -2.4800 0.0757 7.9102 7.7793 7.7743 7.7475 7.7329 7.7353 7.7335 7.7002 7.7219 7.7398 7.6934 7.7265 7.7059 7.6911 7.7002 7.7334 1.4978 1.4970 0.8813 0.8773 0.9612 0.9681 0.9665 0.9785 0.9943 0.9723 0.9509 0.9652 0.9782 0.9799 0.9745 0.9584 -2.4485 -2.4443 -2.4494 -2.3970 -2.6769 -2.7605 -2.7330 -2.7470 -2.5580 -2.3514 -2.3267 -2.5808 -2.6447 -2.6250 -2.5432 -2.5003 0.2266 -3897388.6458 
-25.8996 5.9933 11.1444 0.1440 69.1989 0.0175 0.2652 7.7395 0.0017 1.0209 0.0227 -2.4459 0.0354 7.9109 7.7793 7.7743 7.7475 7.7327 7.7360 7.7335 7.7002 7.7219 7.7398 7.6934 7.7254 7.7059 7.6901 7.7002 7.7334 1.4978 1.4954 0.8813 0.8773 0.9612 0.9681 0.9665 0.9785 0.9943 0.9723 0.9509 0.9652 0.9782 0.9799 0.9745 0.9584 -2.4485 -2.4443 -2.4409 -2.3693 -2.6769 -2.7622 -2.7314 -2.7470 -2.5580 -2.3514 -2.3178 -2.5808 -2.6389 -2.6250 -2.5416 -2.5078 0.2266 -3897392.2880 
-25.8996 6.1390 11.0824 0.1440 69.1989 0.0175 0.2652 7.7386 0.0021 1.0127 0.0309 -2.4771 0.0631 7.9109 7.7802 7.7743 7.7475 7.7327 7.7360 7.7336 7.7002 7.7208 7.7398 7.6909 7.7254 7.7060 7.6901 7.7009 7.7337 1.4978 1.4954 0.8753 0.8773 0.9607 0.9672 0.9665 0.9785 0.9943 0.9723 0.9509 0.9652 0.9782 0.9799 0.9745 0.9561 -2.4485 -2.4443 -2.4409 -2.3913 -2.6769 -2.7622 -2.7314 -2.7373 -2.5580 -2.3514 -2.3178 -2.5803 -2.6389 -2.6418 -2.5397 -2.5078 0.2266 -3897386.3310 
-25.8996 6.1390 11.0824 0.1431 69.0674 0.0159 0.2627 7.7393 0.0023 1.0165 0.0543 -2.4733 0.0504 7.9109 7.7802 7.7741 7.7475 7.7327 7.7360 7.7336 7.7006 7.7208 7.7398 7.6909 7.7254 7.7060 7.6901 7.7009 7.7337 1.4978 1.4916 0.8831 0.8774 0.9607 0.9672 0.9665 0.9785 0.9943 0.9723 0.9509 0.9658 0.9782 0.9799 0.9745 0.9564 -2.4485 -2.4443 -2.4409 -2.3913 -2.6769 -2.7622 -2.7314 -2.7373 -2.5567 -2.3514 -2.3178 -2.5803 -2.6389 -2.6418 -2.5280 -2.5078 0.2266 -3897385.4098 
-25.9999 6.2781 11.0824 0.1431 68.9976 0.0159 0.2627 7.7378 0.0031 1.0308 0.0299 -2.4656 0.0422 7.9113 7.7802 7.7741 7.7475 7.7327 7.7360 7.7342 7.7011 7.7208 7.7398 7.6909 7.7254 7.7060 7.6901 7.7009 7.7337 1.4978 1.4916 0.8859 0.8762 0.9610 0.9678 0.9665 0.9785 0.9941 0.9723 0.9509 0.9663 0.9782 0.9799 0.9745 0.9564 -2.4485 -2.4443 -2.4491 -2.3850 -2.6769 -2.7654 -2.7314 -2.7373 -2.5567 -2.3551 -2.3178 -2.5805 -2.6389 -2.6402 -2.5349 -2.5078 0.2248 -3897387.7214 
-25.9999 6.2781 11.0824 0.1431 69.2565 0.0153 0.2627 7.7390 0.0031 1.0296 0.0212 -2.4816 0.0715 7.9095 7.7802 7.7745 7.7471 7.7327 7.7363 7.7342 7.7009 7.7208 7.7377 7.6918 7.7254 7.7060 7.6901 7.7006 7.7337 1.4978 1.4916 0.8859 0.8762 0.9610 0.9678 0.9665 0.9776 0.9941 0.9723 0.9516 0.9663 0.9781 0.9801 0.9745 0.9570 -2.4485 -2.4520 -2.4491 -2.3850 -2.6769 -2.7654 -2.7314 -2.7373 -2.5608 -2.3285 -2.3178 -2.5805 -2.6389 -2.6448 -2.5349 -2.5086 0.2249 -3897383.0068 
-26.0642 6.2781 11.0824 0.1434 69.2537 0.0127 0.2627 7.7390 0.0025 1.0049 0.0434 -2.5065 0.0476 7.9095 7.7794 7.7745 7.7476 7.7327 7.7363 7.7342 7.7023 7.7208 7.7377 7.6918 7.7254 7.7060 7.6906 7.7005 7.7337 1.4978 1.4916 0.8859 0.8762 0.9605 0.9678 0.9665 0.9773 0.9941 0.9723 0.9516 0.9663 0.9781 0.9785 0.9745 0.9570 -2.4485 -2.4520 -2.4491 -2.3850 -2.6769 -2.7628 -2.7314 -2.7373 -2.5593 -2.3285 -2.3178 -2.5805 -2.6495 -2.6381 -2.5349 -2.5086 0.2249 -3897386.3860 
-25.9992 6.4220 11.0824 0.1438 69.1502 0.0127 0.2627 7.7385 0.0018 1.0349 0.0267 -2.4933 0.0616 7.9095 7.7794 7.7738 7.7476 7.7327 7.7346 7.7344 7.7014 7.7215 7.7377 7.6918 7.7254 7.7061 7.6906 7.6996 7.7337 1.4978 1.4090 0.8859 0.8762 0.9605 0.9678 0.9665 0.9773 0.9941 0.9723 0.9521 0.9661 0.9781 0.9785 0.9755 0.9564 -2.4502 -2.4520 -2.4485 -2.3766 -2.6769 -2.7629 -2.7314 -2.7373 -2.5593 -2.3285 -2.3178 -2.5805 -2.6495 -2.6287 -2.5349 -2.5086 0.2249 -3897385.9978 
-26.0306 6.5144 11.0953 0.1438 69.1502 0.0127 0.2627 7.7387 0.0016 1.0094 0.0330 -2.4853 0.0787 7.9095 7.7794 7.7738 7.7476 7.7327 7.7352 7.7344 7.7014 7.7215 7.7377 7.6918 7.7250 7.7061 7.6910 7.6996 7.7337 1.4974 1.4090 0.8875 0.8762 0.9607 0.9679 0.9665 0.9773 0.9929 0.9723 0.9521 0.9661 0.9781 0.9785 0.9755 0.9564 -2.4502 -2.4520 -2.4377 -2.3766 -2.6963 -2.7629 -2.7479 -2.7373 -2.5593 -2.3332 -2.3178 -2.5805 -2.6495 -2.6287 -2.5349 -2.5086 0.2249 -3897389.1760 
-26.0306 6.5144 11.0953 0.1438 69.1502 0.0127 0.2627 7.7384 0.0026 1.0201 0.0221 -2.5376 0.0611 7.9106 7.7804 7.7746 7.7458 7.7327 7.7352 7.7344 7.7011 7.7215 7.7377 7.6918 7.7249 7.7061 7.6910 7.7005 7.7337 1.4977 1.4090 0.8794 0.8762 0.9607 0.9679 0.9665 0.9776 0.9929 0.9723 0.9521 0.9665 0.9781 0.9785 0.9749 0.9572 -2.4502 -2.4520 -2.4377 -2.3766 -2.6837 -2.7629 -2.7227 -2.7373 -2.5593 -2.3332 -2.3178 -2.5816 -2.6439 -2.6287 -2.5517 -2.5086 0.2249 -3897385.5569 
-26.0306 6.5836 11.0953 0.1438 69.2041 0.0149 0.2627 7.7382 0.0035 1.0184 0.0213 -2.4782 0.0795 7.9106 7.7804 7.7746 7.7458 7.7327 7.7352 7.7344 7.7011 7.7220 7.7377 7.6918 7.7249 7.7061 7.6910 7.7003 7.7342 1.4971 1.4090 0.8755 0.8762 0.9607 0.9684 0.9665 0.9776 0.9929 0.9723 0.9521 0.9679 0.9785 0.9778 0.9749 0.9568 -2.4502 -2.4557 -2.4377 -2.3766 -2.6765 -2.7540 -2.7227 -2.7369 -2.5593 -2.3332 -2.3178 -2.5817 -2.6415 -2.6287 -2.5436 -2.5086 0.2249 -3897385.5346 
-25.9100 6.5681 11.0953 0.1440 69.2041 0.0149 0.2627 7.7381 0.0034 1.0052 0.0236 -2.4820 0.0649 7.9106 7.7809 7.7743 7.7458 7.7327 7.7352 7.7344 7.7015 7.7219 7.7366 7.6918 7.7249 7.7061 7.6919 7.7002 7.7342 1.4971 1.4365 0.8695 0.8762 0.9607 0.9675 0.9656 0.9775 0.9929 0.9723 0.9521 0.9679 0.9785 0.9776 0.9749 0.9568 -2.4502 -2.4557 -2.4411 -2.3766 -2.6765 -2.7540 -2.7227 -2.7369 -2.5588 -2.3332 -2.3178 -2.5817 -2.6415 -2.6287 -2.5436 -2.5086 0.2255 -3897381.7833 
-25.9100 6.5681 11.0953 0.1440 69.0550 0.0149 0.2627 7.7384 0.0028 1.0180 0.0263 -2.4714 0.0916 7.9106 7.7809 7.7743 7.7458 7.7327 7.7361 7.7344 7.7015 7.7213 7.7366 7.6918 7.7249 7.7065 7.6920 7.7002 7.7342 1.4982 1.4990 0.8670 0.8762 0.9607 0.9675 0.9656 0.9775 0.9930 0.9723 0.9527 0.9672 0.9765 0.9776 0.9742 0.9568 -2.4502 -2.4557 -2.4411 -2.3755 -2.6765 -2.7540 -2.7317 -2.7369 -2.5588 -2.3332 -2.3178 -2.5829 -2.6415 -2.6287 -2.5436 -2.5086 0.2255 -3897379.8601 
-25.9100 6.5748 11.0953 0.1440 69.0550 0.0149 0.2637 7.7375 0.0016 1.0220 0.0256 -2.4627 0.0907 7.9106 7.7809 7.7743 7.7480 7.7327 7.7365 7.7344 7.7013 7.7213 7.7391 7.6918 7.7249 7.7069 7.6922 7.7002 7.7342 1.4982 1.4990 0.8747 0.8775 0.9607 0.9677 0.9660 0.9778 0.9930 0.9723 0.9516 0.9678 0.9765 0.9777 0.9754 0.9568 -2.4502 -2.4557 -2.4372 -2.3857 -2.6792 -2.7529 -2.7317 -2.7369 -2.5641 -2.3501 -2.3182 -2.5829 -2.6415 -2.6287 -2.5436 -2.5086 0.2255 -3897376.1246 
-25.9781 6.5748 11.0953 0.1423 69.0326 0.0149 0.2637 7.7392 0.0014 1.0166 0.0212 -2.4588 0.1071 7.9103 7.7801 7.7750 7.7480 7.7327 7.7365 7.7344 7.7009 7.7227 7.7391 7.6916 7.7249 7.7069 7.6922 7.7002 7.7342 1.4990 1.4990 0.8747 0.8775 0.9607 0.9677 0.9660 0.9778 0.9930 0.9723 0.9516 0.9673 0.9765 0.9777 0.9754 0.9566 -2.4502 -2.4557 -2.4372 -2.3857 -2.6792 -2.7510 -2.7317 -2.7369 -2.5656 -2.3501 -2.3182 -2.5738 -2.6415 -2.6294 -2.5436 -2.5086 0.2261 -3897374.6613 
-25.9718 6.5748 11.0953 0.1423 68.9678 0.0151 0.2637 7.7389 0.0037 1.0106 0.0273 -2.4862 0.0613 7.9094 7.7795 7.7750 7.7480 7.7333 7.7365 7.7344 7.7009 7.7214 7.7391 7.6913 7.7249 7.7081 7.6922 7.6993 7.7342 1.4990 1.4990 0.8739 0.8775 0.9607 0.9661 0.9660 0.9778 0.9930 0.9723 0.9518 0.9673 0.9765 0.9777 0.9754 0.9566 -2.4502 -2.4557 -2.4372 -2.3857 -2.6819 -2.7510 -2.7317 -2.7336 -2.5559 -2.3501 -2.3212 -2.5617 -2.6415 -2.6294 -2.5436 -2.5086 0.2261 -3897376.3185 
-25.9718 6.5748 11.1442 0.1423 69.0696 0.0151 0.2637 7.7383 0.0025 1.0057 0.0170 -2.4594 0.0504 7.9094 7.7795 7.7738 7.7481 7.7333 7.7365 7.7344 7.7009 7.7213 7.7391 7.6913 7.7243 7.7081 7.6930 7.6994 7.7342 1.4990 1.4893 0.8718 0.8736 0.9607 0.9661 0.9660 0.9778 0.9930 0.9723 0.9541 0.9670 0.9765 0.9777 0.9754 0.9565 -2.4410 -2.4483 -2.4372 -2.3857 -2.6819 -2.7510 -2.7317 -2.7447 -2.5583 -2.3501 -2.3212 -2.5693 -2.6314 -2.6303 -2.5436 -2.5086 0.2261 -3897380.8934 
-25.9718 6.5748 11.1442 0.1423 69.0696 0.0151 0.2637 7.7386 0.0021 1.0156 0.0286 -2.4743 0.0873 7.9094 7.7795 7.7738 7.7477 7.7323 7.7365 7.7344 7.7012 7.7213 7.7386 7.6913 7.7243 7.7078 7.6930 7.6994 7.7342 1.4990 1.4893 0.8615 0.8736 0.9607 0.9661 0.9660 0.9778 0.9927 0.9723 0.9540 0.9682 0.9764 0.9777 0.9754 0.9565 -2.4410 -2.4483 -2.4372 -2.3857 -2.6819 -2.7510 -2.7357 -2.7397 -2.5587 -2.3501 -2.3212 -2.5693 -2.6351 -2.6303 -2.5436 -2.5086 0.2261 -3897380.0314 
-25.9718 6.0742 11.1375 0.1413 69.0696 0.0151 0.2637 7.7383 0.0016 1.0122 0.0406 -2.4519 0.0804 7.9103 7.7795 7.7739 7.7486 7.7321 7.7365 7.7344 7.7012 7.7213 7.7386 7.6913 7.7243 7.7078 7.6922 7.6995 7.7340 1.4990 1.4693 0.8615 0.8736 0.9610 0.9661 0.9660 0.9778 0.9927 0.9723 0.9540 0.9682 0.9764 0.9777 0.9754 0.9558 -2.4530 -2.4483 -2.4372 -2.3738 -2.6819 -2.7510 -2.7357 -2.7397 -2.5575 -2.3501 -2.3212 -2.5693 -2.6351 -2.6303 -2.5436 -2.4943 0.2261 -3897381.4927 
-25.9718 6.1247 11.1375 0.1413 69.0696 0.0145 0.2637 7.7384 0.0023 1.0127 0.0273 -2.4952 0.0673 7.9102 7.7795 7.7738 7.7486 7.7321 7.7365 7.7344 7.7015 7.7222 7.7386 7.6904 7.7243 7.7078 7.6922 7.6995 7.7340 1.4994 1.4585 0.8692 0.8736 0.9622 0.9661 0.9660 0.9777 0.9929 0.9723 0.9537 0.9682 0.9764 0.9779 0.9754 0.9569 -2.4530 -2.4483 -2.4372 -2.3813 -2.6805 -2.7510 -2.7357 -2.7397 -2.5532 -2.3501 -2.3212 -2.5758 -2.6351 -2.6303 -2.5436 -2.4943 0.2261 -3897375.7804 
-25.9718 6.1332 11.1375 0.1413 69.0696 0.0145 0.2637 7.7397 0.0028 1.0107 0.0250 -2.4592 0.0322 7.9102 7.7801 7.7738 7.7486 7.7321 7.7365 7.7349 7.7015 7.7222 7.7386 7.6911 7.7225 7.7078 7.6922 7.6995 7.7340 1.4994 1.4585 0.8719 0.8736 0.9622 0.9661 0.9669 0.9777 0.9929 0.9730 0.9537 0.9682 0.9761 0.9779 0.9754 0.9565 -2.4530 -2.4483 -2.4372 -2.3813 -2.6810 -2.7520 -2.7473 -2.7397 -2.5539 -2.3471 -2.3212 -2.5758 -2.6442 -2.6303 -2.5383 -2.5126 0.2295 -3897375.6799 
-25.8855 6.1332 11.1375 0.1413 69.0696 0.0145 0.2637 7.7381 0.0027 1.0187 0.0265 -2.4608 0.1102 7.9102 7.7801 7.7733 7.7486 7.7321 7.7365 7.7349 7.7022 7.7222 7.7380 7.6911 7.7225 7.7078 7.6922 7.6995 7.7341 1.4990 1.4806 0.8744 0.8741 0.9622 0.9661 0.9663 0.9764 0.9929 0.9731 0.9537 0.9682 0.9761 0.9771 0.9754 0.9565 -2.4530 -2.4483 -2.4372 -2.3813 -2.6801 -2.7585 -2.7473 -2.7317 -2.5539 -2.3471 -2.3212 -2.5758 -2.6409 -2.6303 -2.5477 -2.5126 0.2295 -3897384.4724 
-25.9719 6.1332 11.1375 0.1413 69.0696 0.0145 0.2637 7.7387 0.0026 1.0254 0.0166 -2.4439 0.0542 7.9102 7.7801 7.7733 7.7486 7.7321 7.7365 7.7349 7.7022 7.7222 7.7387 7.6907 7.7241 7.7068 7.6934 7.6995 7.7341 1.4990 1.4806 0.8744 0.8741 0.9626 0.9661 0.9663 0.9764 0.9929 0.9727 0.9537 0.9682 0.9761 0.9771 0.9754 0.9569 -2.4530 -2.4483 -2.4372 -2.3813 -2.6801 -2.7585 -2.7473 -2.7317 -2.5518 -2.3471 -2.3232 -2.5855 -2.6409 -2.6303 -2.5350 -2.5126 0.2295 -3897383.0427 
-25.9719 6.0555 11.1375 0.1413 69.0696 0.0145 0.2637 7.7376 0.0020 1.0215 0.0204 -2.4842 0.0513 7.9102 7.7801 7.7730 7.7486 7.7318 7.7365 7.7349 7.7029 7.7222 7.7387 7.6907 7.7241 7.7068 7.6934 7.6995 7.7341 1.4990 1.4806 0.8744 0.8741 0.9621 0.9661 0.9663 0.9764 0.9929 0.9727 0.9517 0.9700 0.9781 0.9771 0.9754 0.9569 -2.4530 -2.4505 -2.4359 -2.3813 -2.6801 -2.7585 -2.7473 -2.7443 -2.5601 -2.3471 -2.3197 -2.5875 -2.6409 -2.6402 -2.5356 -2.5036 0.2291 -3897383.1890 
-25.9719 6.0555 11.1375 0.1413 69.0696 0.0142 0.2640 7.7385 0.0018 1.0152 0.0207 -2.4627 0.0628 7.9104 7.7801 7.7730 7.7486 7.7311 7.7363 7.7349 7.7029 7.7222 7.7387 7.6907 7.7227 7.7068 7.6926 7.6996 7.7341 1.4976 1.4806 0.8744 0.8741 0.9621 0.9669 0.9665 0.9764 0.9934 0.9727 0.9517 0.9700 0.9781 0.9771 0.9748 0.9569 -2.4530 -2.4505 -2.4412 -2.3813 -2.6801 -2.7585 -2.7473 -2.7443 -2.5601 -2.3471 -2.3203 -2.5987 -2.6409 -2.6402 -2.5356 -2.5036 0.2291 -3897381.2008 
-25.9792 6.3192 11.1375 0.1429 68.9739 0.0136 0.2640 7.7388 0.0026 1.0149 0.0235 -2.4790 0.0559 7.9104 7.7801 7.7730 7.7486 7.7311 7.7365 7.7343 7.7029 7.7222 7.7387 7.6912 7.7227 7.7068 7.6926 7.6996 7.7341 1.4976 1.4975 0.8755 0.8741 0.9621 0.9667 0.9665 0.9764 0.9934 0.9727 0.9517 0.9700 0.9773 0.9782 0.9749 0.9569 -2.4530 -2.4526 -2.4412 -2.3904 -2.6801 -2.7585 -2.7165 -2.7474 -2.5601 -2.3471 -2.3203 -2.5993 -2.6492 -2.6402 -2.5419 -2.5036 0.2289 -3897381.5567 
-25.9792 6.3192 11.1375 0.1429 68.9739 0.0136 0.2640 7.7375 0.0026 1.0126 0.0277 -2.5035 0.1344 7.9104 7.7801 7.7738 7.7494 7.7311 7.7365 7.7343 7.7029 7.7222 7.7387 7.6912 7.7225 7.7068 7.6926 7.6996 7.7341 1.4997 1.4975 0.8709 0.8741 0.9621 0.9667 0.9665 0.9764 0.9921 0.9727 0.9517 0.9700 0.9773 0.9774 0.9749 0.9569 -2.4530 -2.4478 -2.4412 -2.3904 -2.6844 -2.7585 -2.7197 -2.7463 -2.5601 -2.3338 -2.3203 -2.5961 -2.6395 -2.6402 -2.5419 -2.5036 0.2289 -3897384.1677 
-25.9792 6.3192 11.1375 0.1430 69.0604 0.0136 0.2628 7.7392 0.0015 1.0203 0.0516 -2.4414 0.0324 7.9104 7.7801 7.7738 7.7481 7.7313 7.7370 7.7338 7.7023 7.7229 7.7387 7.6934 7.7225 7.7069 7.6930 7.7005 7.7341 1.4997 1.4975 0.8709 0.8748 0.9621 0.9667 0.9669 0.9764 0.9921 0.9727 0.9517 0.9700 0.9766 0.9774 0.9749 0.9569 -2.4512 -2.4478 -2.4412 -2.3904 -2.6844 -2.7585 -2.7221 -2.7463 -2.5567 -2.3544 -2.3203 -2.5756 -2.6395 -2.6402 -2.5419 -2.5036 0.2289 -3897381.0346 
-26.0703 6.4168 11.1375 0.1409 69.0604 0.0127 0.2628 7.7382 0.0015 1.0203 0.0224 -2.4771 0.0586 7.9104 7.7796 7.7746 7.7481 7.7313 7.7370 7.7338 7.7023 7.7232 7.7387 7.6919 7.7225 7.7069 7.6930 7.7005 7.7341 1.4997 1.4798 0.8709 0.8783 0.9625 0.9667 0.9669 0.9764 0.9912 0.9727 0.9517 0.9694 0.9767 0.9774 0.9749 0.9578 -2.4512 -2.4478 -2.4401 -2.3904 -2.6803 -2.7585 -2.7221 -2.7545 -2.5567 -2.3544 -2.3203 -2.5756 -2.6395 -2.6266 -2.5508 -2.5036 0.2289 -3897374.9610 
-26.0703 6.4168 11.1375 0.1409 69.0604 0.0133 0.2628 7.7387 0.0020 1.0165 0.0311 -2.5016 0.0553 7.9104 7.7793 7.7746 7.7466 7.7313 7.7372 7.7338 7.7023 7.7232 7.7387 7.6919 7.7225 7.7069 7.6930 7.7005 7.7341 1.4997 1.4798 0.8709 0.8816 0.9625 0.9669 0.9669 0.9764 0.9912 0.9727 0.9517 0.9710 0.9774 0.9774 0.9749 0.9554 -2.4512 -2.4478 -2.4372 -2.3904 -2.6803 -2.7585 -2.7221 -2.7545 -2.5590 -2.3544 -2.3203 -2.5756 -2.6395 -2.6309 -2.5513 -2.5036 0.2282 -3897381.0401 
-26.0703 6.4168 11.1375 0.1409 69.0604 0.0126 0.2628 7.7382 0.0038 1.0186 0.0404 -2.4728 0.1346 7.9104 7.7793 7.7746 7.7466 7.7319 7.7372 7.7338 7.7020 7.7232 7.7387 7.6919 7.7225 7.7069 7.6931 7.6994 7.7332 1.4997 1.4798 0.8709 0.8816 0.9625 0.9669 0.9669 0.9779 0.9912 0.9727 0.9517 0.9690 0.9774 0.9774 0.9749 0.9555 -2.4512 -2.4478 -2.4372 -2.3999 -2.6803 -2.7585 -2.7315 -2.7401 -2.5590 -2.3544 -2.3203 -2.5756 -2.6395 -2.6309 -2.5395 -2.5036 0.2282 -3897382.4791 
-26.0703 6.4168 11.1375 0.1409 69.0604 0.0126 0.2628 7.7386 0.0021 1.0166 0.0396 -2.4638 0.0796 7.9104 7.7793 7.7746 7.7466 7.7319 7.7355 7.7338 7.7022 7.7231 7.7387 7.6919 7.7226 7.7069 7.6921 7.6993 7.7333 1.4980 1.4798 0.8709 0.8805 0.9625 0.9685 0.9669 0.9779 0.9912 0.9727 0.9529 0.9685 0.9774 0.9774 0.9749 0.9569 -2.4512 -2.4478 -2.4398 -2.3856 -2.6804 -2.7585 -2.7315 -2.7401 -2.5487 -2.3544 -2.3203 -2.5756 -2.6395 -2.6309 -2.5395 -2.5036 0.2282 -3897376.5797 
-26.0703 6.4168 11.1301 0.1409 69.0604 0.0126 0.2623 7.7382 0.0023 1.0078 0.0376 -2.5008 0.0918 7.9096 7.7793 7.7746 7.7464 7.7319 7.7355 7.7338 7.7014 7.7229 7.7387 7.6919 7.7228 7.7069 7.6923 7.7003 7.7333 1.4980 1.4814 0.8709 0.8805 0.9625 0.9676 0.9673 0.9778 0.9912 0.9727 0.9529 0.9685 0.9774 0.9775 0.9749 0.9569 -2.4561 -2.4478 -2.4398 -2.3856 -2.6761 -2.7585 -2.7315 -2.7475 -2.5487 -2.3386 -2.3203 -2.5756 -2.6395 -2.6309 -2.5407 -2.5002 0.2282 -3897374.5892 
-26.0966 6.4168 11.1301 0.1409 69.0604 0.0134 0.2623 7.7382 0.0026 1.0179 0.0338 -2.4929 0.0588 7.9096 7.7806 7.7742 7.7463 7.7309 7.7355 7.7326 7.7009 7.7229 7.7387 7.6919 7.7228 7.7065 7.6923 7.7006 7.7333 1.4983 1.4814 0.8709 0.8774 0.9624 0.9666 0.9673 0.9778 0.9912 0.9727 0.9510 0.9706 0.9774 0.9775 0.9743 0.9595 -2.4473 -2.4478 -2.4398 -2.3856 -2.6761 -2.7585 -2.7276 -2.7475 -2.5487 -2.3386 -2.3203 -2.5840 -2.6478 -2.6309 -2.5407 -2.5002 0.2267 -3897377.0886 
-26.0966 6.4168 11.1301 0.1409 69.0604 0.0141 0.2623 7.7385 0.0024 1.0096 0.0240 -2.4729 0.0537 7.9096 7.7806 7.7741 7.7474 7.7302 7.7355 7.7326 7.7009 7.7227 7.7387 7.6919 7.7231 7.7069 7.6931 7.7006 7.7317 1.4983 1.4814 0.8734 0.8774 0.9624 0.9671 0.9675 0.9775 0.9912 0.9727 0.9510 0.9706 0.9774 0.9775 0.9743 0.9595 -2.4521 -2.4478 -2.4473 -2.3856 -2.6761 -2.7585 -2.7276 -2.7475 -2.5487 -2.3386 -2.3240 -2.5840 -2.6478 -2.6309 -2.5347 -2.5002 0.2267 -3897381.3377 
-26.0036 6.4168 11.1301 0.1409 69.0415 0.0141 0.2624 7.7383 0.0024 1.0164 0.0317 -2.4786 0.0543 7.9103 7.7807 7.7744 7.7474 7.7302 7.7355 7.7326 7.7012 7.7227 7.7387 7.6924 7.7226 7.7069 7.6931 7.7002 7.7317 1.4982 1.4814 0.8734 0.8774 0.9624 0.9671 0.9675 0.9775 0.9921 0.9727 0.9510 0.9706 0.9774 0.9775 0.9743 0.9595 -2.4555 -2.4491 -2.4473 -2.3736 -2.6761 -2.7588 -2.7276 -2.7475 -2.5560 -2.3386 -2.3240 -2.5840 -2.6478 -2.6309 -2.5347 -2.4979 0.2267 -3897380.1411 
-26.0036 6.3986 11.1301 0.1409 69.0415 0.0141 0.2624 7.7381 0.0019 1.0213 0.0310 -2.5015 0.0600 7.9102 7.7807 7.7744 7.7474 7.7305 7.7355 7.7339 7.7021 7.7227 7.7387 7.6924 7.7226 7.7069 7.6931 7.7002 7.7317 1.4994 1.4814 0.8734 0.8774 0.9617 0.9671 0.9662 0.9763 0.9921 0.9727 0.9510 0.9706 0.9781 0.9775 0.9743 0.9595 -2.4555 -2.4508 -2.4473 -2.3736 -2.6761 -2.7588 -2.7331 -2.7475 -2.5582 -2.3386 -2.3176 -2.5840 -2.6478 -2.6340 -2.5347 -2.4979 0.2267 -3897377.8393 
-26.0788 6.3986 11.1301 0.1409 69.0415 0.0141 0.2624 7.7386 0.0020 1.0165 0.0169 -2.4876 0.0477 7.9093 7.7811 7.7744 7.7474 7.7316 7.7355 7.7339 7.7021 7.7217 7.7387 7.6924 7.7226 7.7059 7.6923 7.7002 7.7317 1.4994 1.4838 0.8828 0.8759 0.9601 0.9668 0.9662 0.9763 0.9921 0.9727 0.9510 0.9713 0.9780 0.9775 0.9741 0.9576 -2.4555 -2.4508 -2.4473 -2.3736 -2.6761 -2.7588 -2.7331 -2.7369 -2.5585 -2.3386 -2.3176 -2.5840 -2.6478 -2.6340 -2.5347 -2.4979 0.2268 -3897377.5810 
-26.0788 6.3986 11.1588 0.1409 69.0415 0.0141 0.2624 7.7381 0.0039 1.0190 0.0242 -2.4579 0.0430 7.9108 7.7811 7.7744 7.7474 7.7316 7.7355 7.7340 7.7021 7.7224 7.7387 7.6924 7.7210 7.7059 7.6923 7.7007 7.7317 1.4989 1.4805 0.8796 0.8759 0.9609 0.9668 0.9662 0.9765 0.9923 0.9718 0.9510 0.9708 0.9780 0.9775 0.9741 0.9576 -2.4411 -2.4508 -2.4473 -2.3736 -2.6761 -2.7588 -2.7331 -2.7386 -2.5541 -2.3386 -2.3176 -2.5840 -2.6478 -2.6340 -2.5341 -2.5053 0.2268 -3897381.4944 
-26.1108 6.4177 11.1463 0.1429 69.0415 0.0129 0.2624 7.7385 0.0023 1.0142 0.0299 -2.4870 0.0645 7.9108 7.7811 7.7744 7.7474 7.7316 7.7355 7.7340 7.7020 7.7220 7.7387 7.6919 7.7210 7.7059 7.6932 7.7007 7.7317 1.4989 1.4805 0.8796 0.8759 0.9620 0.9668 0.9664 0.9765 0.9925 0.9714 0.9526 0.9729 0.9782 0.9775 0.9741 0.9593 -2.4411 -2.4508 -2.4473 -2.3736 -2.6895 -2.7588 -2.7331 -2.7386 -2.5536 -2.3358 -2.3208 -2.5840 -2.6549 -2.6340 -2.5316 -2.5084 0.2268 -3897379.5657 
-26.1108 6.4177 11.1463 0.1429 69.1243 0.0129 0.2626 7.7386 0.0025 1.0199 0.0251 -2.4795 0.0445 7.9101 7.7805 7.7744 7.7474 7.7316 7.7369 7.7341 7.7023 7.7220 7.7404 7.6919 7.7210 7.7059 7.6920 7.7014 7.7322 1.4973 1.4954 0.8796 0.8759 0.9620 0.9668 0.9665 0.9765 0.9926 0.9714 0.9526 0.9729 0.9782 0.9775 0.9741 0.9593 -2.4411 -2.4508 -2.4473 -2.3736 -2.6867 -2.7588 -2.7331 -2.7386 -2.5546 -2.3514 -2.3136 -2.5840 -2.6549 -2.6328 -2.5360 -2.5084 0.2268 -3897379.5215 
-26.1108 6.4177 11.1463 0.1412 69.0519 0.0129 0.2626 7.7373 0.0016 1.0169 0.0359 -2.4831 0.0437 7.9102 7.7800 7.7743 7.7474 7.7316 7.7369 7.7341 7.7028 7.7220 7.7404 7.6919 7.7210 7.7061 7.6920 7.7002 7.7322 1.4973 1.4954 0.8796 0.8759 0.9622 0.9668 0.9665 0.9765 0.9926 0.9720 0.9526 0.9715 0.9782 0.9775 0.9747 0.9593 -2.4576 -2.4508 -2.4300 -2.3736 -2.6867 -2.7588 -2.7331 -2.7457 -2.5546 -2.3367 -2.3202 -2.5840 -2.6549 -2.6336 -2.5340 -2.5084 0.2268 -3897376.5912 
-26.1485 6.4177 11.1509 0.1412 69.0519 0.0129 0.2629 7.7382 0.0018 1.0196 0.0284 -2.4820 0.0553 7.9100 7.7800 7.7745 7.7474 7.7316 7.7369 7.7341 7.7028 7.7220 7.7399 7.6937 7.7208 7.7061 7.6922 7.7004 7.7322 1.4973 1.4928 0.8707 0.8759 0.9622 0.9665 0.9665 0.9765 0.9926 0.9706 0.9526 0.9715 0.9790 0.9775 0.9747 0.9593 -2.4567 -2.4504 -2.4300 -2.3736 -2.6867 -2.7594 -2.7344 -2.7457 -2.5545 -2.3395 -2.3190 -2.5840 -2.6401 -2.6336 -2.5527 -2.5084 0.2261 -3897377.0041 
-26.1368 6.4177 11.1991 0.1412 69.0519 0.0126 0.2629 7.7381 0.0019 1.0125 0.0193 -2.4715 0.0680 7.9100 7.7797 7.7745 7.7474 7.7316 7.7369 7.7349 7.7029 7.7220 7.7399 7.6937 7.7217 7.7061 7.6922 7.6996 7.7322 1.4973 1.4928 0.8665 0.8759 0.9622 0.9665 0.9649 0.9765 0.9926 0.9706 0.9528 0.9715 0.9792 0.9775 0.9746 0.9585 -2.4475 -2.4470 -2.4300 -2.3736 -2.6867 -2.7594 -2.7333 -2.7457 -2.5545 -2.3467 -2.3190 -2.5979 -2.6401 -2.6336 -2.5324 -2.5084 0.2261 -3897378.3095 
-26.1368 6.4177 11.1991 0.1412 69.0519 0.0126 0.2616 7.7389 0.0028 1.0106 0.0239 -2.4702 0.0552 7.9100 7.7797 7.7745 7.7474 7.7316 7.7367 7.7348 7.7029 7.7220 7.7399 7.6937 7.7217 7.7061 7.6922 7.6996 7.7322 1.4973 1.4928 0.8665 0.8750 0.9624 0.9665 0.9658 0.9766 0.9926 0.9701 0.9528 0.9715 0.9782 0.9775 0.9747 0.9591 -2.4475 -2.4470 -2.4384 -2.3760 -2.6867 -2.7594 -2.7330 -2.7457 -2.5573 -2.3467 -2.3141 -2.5979 -2.6388 -2.6336 -2.5401 -2.5084 0.2261 -3897375.5030 
-26.1368 6.4177 11.2026 0.1420 69.0519 0.0126 0.2630 7.7378 0.0026 1.0194 0.0318 -2.4516 0.0531 7.9100 7.7797 7.7745 7.7491 7.7316 7.7367 7.7348 7.7017 7.7218 7.7405 7.6914 7.7217 7.7062 7.6923 7.6996 7.7311 1.4956 1.4769 0.8665 0.8750 0.9624 0.9665 0.9658 0.9769 0.9926 0.9701 0.9528 0.9715 0.9782 0.9775 0.9747 0.9596 -2.4475 -2.4470 -2.4384 -2.3760 -2.6867 -2.7594 -2.7330 -2.7372 -2.5573 -2.3467 -2.3141 -2.5979 -2.6438 -2.6336 -2.5401 -2.5038 0.2261 -3897373.6915 
-26.2028 6.4177 11.1580 0.1428 69.0519 0.0126 0.2631 7.7385 0.0021 1.0016 0.0193 -2.4555 0.0638 7.9100 7.7797 7.7745 7.7491 7.7316 7.7367 7.7346 7.7014 7.7218 7.7405 7.6914 7.7217 7.7061 7.6932 7.6994 7.7311 1.4956 1.4769 0.8665 0.8750 0.9624 0.9665 0.9658 0.9783 0.9926 0.9701 0.9528 0.9715 0.9782 0.9779 0.9747 0.9596 -2.4475 -2.4470 -2.4384 -2.3760 -2.6867 -2.7594 -2.7330 -2.7372 -2.5573 -2.3467 -2.3141 -2.5979 -2.6438 -2.6336 -2.5401 -2.5038 0.2261 -3897375.0789 
-26.2003 6.9402 11.1580 0.1437 69.0685 0.0126 0.2631 7.7386 0.0042 1.0180 0.0400 -2.4886 0.0910 7.9100 7.7797 7.7745 7.7491 7.7316 7.7367 7.7346 7.7013 7.7218 7.7405 7.6921 7.7227 7.7067 7.6932 7.6995 7.7311 1.4952 1.4795 0.8770 0.8750 0.9624 0.9680 0.9658 0.9783 0.9926 0.9701 0.9528 0.9715 0.9782 0.9779 0.9742 0.9577 -2.4581 -2.4397 -2.4470 -2.3760 -2.6806 -2.7594 -2.7309 -2.7372 -2.5543 -2.3458 -2.3141 -2.5979 -2.6438 -2.6417 -2.5366 -2.5038 0.2261 -3897380.5012 
-26.1890 6.4938 11.1580 0.1437 69.0685 0.0133 0.2631 7.7371 0.0017 1.0199 0.0306 -2.4706 0.0398 7.9100 7.7797 7.7745 7.7481 7.7316 7.7367 7.7344 7.7009 7.7218 7.7405 7.6915 7.7227 7.7057 7.6932 7.6994 7.7311 1.4969 1.4795 0.8770 0.8750 0.9625 0.9672 0.9658 0.9784 0.9938 0.9701 0.9528 0.9715 0.9782 0.9779 0.9763 0.9611 -2.4581 -2.4541 -2.4503 -2.3760 -2.6806 -2.7594 -2.7367 -2.7370 -2.5543 -2.3458 -2.3141 -2.5979 -2.6438 -2.6417 -2.5420 -2.5124 0.2261 -3897386.9323 
-26.2013 6.4938 11.1580 0.1437 69.0685 0.0124 0.2634 7.7384 0.0042 1.0088 0.0328 -2.4813 0.0963 7.9100 7.7797 7.7738 7.7481 7.7316 7.7367 7.7344 7.7009 7.7218 7.7405 7.6927 7.7220 7.7057 7.6929 7.6986 7.7298 1.4969 1.4795 0.8770 0.8750 0.9625 0.9672 0.9663 0.9784 0.9938 0.9701 0.9527 0.9719 0.9782 0.9779 0.9763 0.9611 -2.4378 -2.4541 -2.4503 -2.3760 -2.6869 -2.7564 -2.7357 -2.7494 -2.5527 -2.3458 -2.3032 -2.5867 -2.6438 -2.6417 -2.5420 -2.5124 0.2261 -3897386.6974 
-26.2013 6.4938 11.1580 0.1437 69.0685 0.0124 0.2634 7.7380 0.0037 1.0200 0.0171 -2.4815 0.0541 7.9100 7.7797 7.7738 7.7481 7.7316 7.7366 7.7344 7.7009 7.7201 7.7415 7.6927 7.7220 7.7057 7.6928 7.6981 7.7298 1.4969 1.4965 0.8770 0.8750 0.9627 0.9672 0.9663 0.9784 0.9938 0.9701 0.9491 0.9719 0.9782 0.9771 0.9763 0.9610 -2.4399 -2.4541 -2.4496 -2.3760 -2.6862 -2.7564 -2.7343 -2.7494 -2.5527 -2.3458 -2.3141 -2.6011 -2.6438 -2.6278 -2.5415 -2.5124 0.2269 -3897386.8448 
-26.0209 6.4938 11.1580 0.1416 69.0685 0.0126 0.2634 7.7368 0.0023 1.0264 0.0240 -2.4735 0.0555 7.9100 7.7797 7.7738 7.7481 7.7316 7.7366 7.7338 7.7009 7.7201 7.7415 7.6945 7.7220 7.7057 7.6922 7.6984 7.7298 1.4967 1.4965 0.8770 0.8750 0.9627 0.9672 0.9668 0.9784 0.9938 0.9701 0.9491 0.9719 0.9782 0.9779 0.9763 0.9610 -2.4399 -2.4539 -2.4502 -2.3760 -2.6862 -2.7564 -2.7343 -2.7494 -2.5527 -2.3458 -2.3039 -2.5839 -2.6438 -2.6281 -2.5434 -2.5124 0.2269 -3897381.6162 
-26.0209 6.4938 11.1580 0.1432 69.0775 0.0126 0.2634 7.7385 0.0028 1.0156 0.0193 -2.4747 0.0447 7.9100 7.7793 7.7738 7.7481 7.7316 7.7361 7.7338 7.7011 7.7201 7.7395 7.6934 7.7220 7.7057 7.6922 7.6988 7.7298 1.4967 1.4965 0.8770 0.8750 0.9627 0.9672 0.9668 0.9784 0.9938 0.9701 0.9480 0.9719 0.9782 0.9779 0.9763 0.9610 -2.4459 -2.4539 -2.4502 -2.3760 -2.6862 -2.7564 -2.7286 -2.7494 -2.5527 -2.3458 -2.3107 -2.5839 -2.6438 -2.6281 -2.5434 -2.5117 0.2269 -3897381.6980 
-26.0209 6.4938 11.1580 0.1418 69.0775 0.0126 0.2626 7.7383 0.0038 1.0114 0.0409 -2.4897 0.0831 7.9100 7.7793 7.7749 7.7481 7.7316 7.7361 7.7338 7.7012 7.7201 7.7400 7.6934 7.7214 7.7057 7.6922 7.6984 7.7298 1.4986 1.4737 0.8770 0.8750 0.9633 0.9672 0.9668 0.9784 0.9938 0.9701 0.9480 0.9711 0.9782 0.9779 0.9753 0.9617 -2.4459 -2.4539 -2.4487 -2.3760 -2.6862 -2.7564 -2.7286 -2.7531 -2.5527 -2.3381 -2.3107 -2.5839 -2.6438 -2.6281 -2.5434 -2.5117 0.2286 -3897381.8750 
-26.0209 6.4938 11.1580 0.1430 69.0775 0.0126 0.2626 7.7387 0.0016 1.0113 0.0475 -2.4847 0.1041 7.9100 7.7794 7.7745 7.7481 7.7321 7.7361 7.7333 7.7014 7.7201 7.7400 7.6934 7.7214 7.7072 7.6920 7.6985 7.7302 1.4983 1.4737 0.8770 0.8764 0.9633 0.9672 0.9677 0.9784 0.9954 0.9701 0.9481 0.9711 0.9782 0.9779 0.9753 0.9601 -2.4459 -2.4530 -2.4368 -2.3760 -2.6826 -2.7564 -2.7286 -2.7444 -2.5527 -2.3381 -2.3107 -2.5839 -2.6438 -2.6281 -2.5434 -2.5105 0.2271 -3897387.3787 
-26.1639 6.4938 11.1580 0.1430 69.0775 0.0127 0.2626 7.7375 0.0038 1.0102 0.0520 -2.4983 0.0689 7.9114 7.7794 7.7743 7.7466 7.7321 7.7361 7.7328 7.7015 7.7201 7.7400 7.6934 7.7214 7.7072 7.6922 7.6985 7.7302 1.4994 1.4737 0.8812 0.8764 0.9633 0.9672 0.9677 0.9784 0.9932 0.9701 0.9488 0.9706 0.9769 0.9781 0.9753 0.9601 -2.4507 -2.4530 -2.4396 -2.3760 -2.6826 -2.7564 -2.7286 -2.7444 -2.5594 -2.3470 -2.3107 -2.5839 -2.6438 -2.6281 -2.5434 -2.5105 0.2271 -3897387.5808 
-26.1639 6.5621 11.1726 0.1412 68.8678 0.0127 0.2626 7.7389 0.0034 1.0277 0.0504 -2.4459 0.0459 7.9114 7.7800 7.7743 7.7476 7.7321 7.7361 7.7328 7.7011 7.7201 7.7400 7.6953 7.7214 7.7072 7.6920 7.6984 7.7302 1.4994 1.4737 0.8644 0.8747 0.9633 0.9672 0.9683 0.9779 0.9932 0.9712 0.9488 0.9706 0.9774 0.9781 0.9753 0.9605 -2.4507 -2.4530 -2.4396 -2.3760 -2.6809 -2.7535 -2.7286 -2.7444 -2.5594 -2.3470 -2.3107 -2.5839 -2.6409 -2.6281 -2.5407 -2.4992 0.2271 -3897386.0921 
-26.1639 6.6591 11.1856 0.1412 68.9792 0.0115 0.2616 7.7373 0.0034 1.0060 0.0303 -2.4800 0.0403 7.9104 7.7798 7.7752 7.7479 7.7321 7.7366 7.7329 7.7011 7.7215 7.7400 7.6956 7.7214 7.7072 7.6919 7.6984 7.7302 1.4994 1.4737 0.8663 0.8747 0.9633 0.9668 0.9683 0.9779 0.9932 0.9712 0.9488 0.9706 0.9766 0.9781 0.9756 0.9605 -2.4507 -2.4530 -2.4396 -2.3760 -2.6863 -2.7535 -2.7286 -2.7431 -2.5608 -2.3383 -2.3200 -2.5839 -2.6409 -2.6298 -2.5439 -2.4992 0.2271 -3897379.4828 
-26.1639 6.6591 11.1103 0.1423 68.9792 0.0116 0.2616 7.7385 0.0026 1.0147 0.0283 -2.4845 0.0755 7.9104 7.7793 7.7749 7.7479 7.7319 7.7366 7.7320 7.7011 7.7215 7.7401 7.6956 7.7214 7.7072 7.6917 7.6984 7.7311 1.4994 1.4462 0.8714 0.8747 0.9633 0.9668 0.9683 0.9779 0.9932 0.9712 0.9488 0.9729 0.9772 0.9781 0.9754 0.9605 -2.4507 -2.4530 -2.4373 -2.3760 -2.6863 -2.7668 -2.7286 -2.7431 -2.5620 -2.3383 -2.3200 -2.5953 -2.6413 -2.6298 -2.5439 -2.4992 0.2271 -3897376.4955 
-26.1639 6.5519 11.1103 0.1423 68.9792 0.0120 0.2616 7.7375 0.0018 1.0174 0.0290 -2.4665 0.0521 7.9104 7.7793 7.7752 7.7476 7.7301 7.7366 7.7329 7.7011 7.7215 7.7401 7.6956 7.7203 7.7072 7.6917 7.6999 7.7311 1.4994 1.4712 0.8708 0.8747 0.9655 0.9668 0.9663 0.9779 0.9932 0.9712 0.9489 0.9729 0.9772 0.9776 0.9754 0.9605 -2.4507 -2.4458 -2.4373 -2.3760 -2.6863 -2.7668 -2.7286 -2.7431 -2.5562 -2.3390 -2.3260 -2.5953 -2.6479 -2.6298 -2.5439 -2.4992 0.2271 -3897380.4261 
-26.1639 6.4621 11.1611 0.1397 68.9840 0.0120 0.2616 7.7380 0.0025 1.0146 0.0302 -2.4658 0.0524 7.9104 7.7802 7.7737 7.7476 7.7301 7.7366 7.7329 7.7011 7.7219 7.7401 7.6956 7.7203 7.7072 7.6928 7.6999 7.7291 1.4994 1.4712 0.8650 0.8747 0.9651 0.9671 0.9678 0.9779 0.9932 0.9712 0.9489 0.9725 0.9772 0.9773 0.9754 0.9605 -2.4507 -2.4501 -2.4373 -2.3760 -2.6863 -2.7564 -2.7286 -2.7431 -2.5558 -2.3390 -2.3260 -2.5953 -2.6483 -2.6356 -2.5439 -2.5115 0.2276 -3897383.9038 
-26.1639 6.6296 11.1611 0.1406 68.9840 0.0105 0.2616 7.7380 0.0015 1.0141 0.0386 -2.4787 0.0645 7.9104 7.7797 7.7737 7.7474 7.7301 7.7359 7.7329 7.7012 7.7214 7.7401 7.6956 7.7203 7.7072 7.6935 7.6992 7.7291 1.4994 1.4808 0.8650 0.8747 0.9651 0.9676 0.9679 0.9779 0.9930 0.9712 0.9489 0.9722 0.9772 0.9773 0.9754 0.9605 -2.4507 -2.4501 -2.4373 -2.3760 -2.6863 -2.7564 -2.7286 -2.7431 -2.5558 -2.3390 -2.3150 -2.5953 -2.6483 -2.6391 -2.5439 -2.4917 0.2281 -3897382.1917 
