# lengths
mu0 101.904000
lambda 82.014000
delta 37.436000
sigma0 20.232000
sigmav 0.018000
alpha 27
beta 0.165000
# description
R i 0
CG1 i 1 t 0
DG1 b 0
postG1 i 2 t 1 b 1
# i
-101.904 -101.052818 -100.201636 -99.350455 -98.499273 -97.648091 -96.796909 -95.945727 -95.094545 -94.243364 -93.392182 -92.541000 -91.689818 -90.838636 -89.987455 -89.136273 -88.285091 -87.433909 -86.582727 -85.731545 -84.880364 -84.029182 -83.178000 -82.326818 -81.475636 -80.624455 -79.773273 -78.922091 -78.070909 -77.219727 -76.368545 -75.517364 -74.666182 -73.815000 -72.963818 -72.112636 -71.261455 -70.410273 -69.559091 -68.707909 -67.856727 -67.005545 -66.154364 -65.303182 -64.452000 -63.600818 -62.749636 -61.898455 -61.047273 -60.196091 -59.344909 -58.493727 -57.642545 -56.791364 -55.940182 -55.089000 -54.237818 -53.386636 -52.535455 -51.684273 -50.833091 -49.981909 -49.130727 -48.279545 -47.428364 -46.577182 -45.726000 -44.874818 -44.023636 -43.172455 -42.321273 -41.470091 -40.618909 -39.767727 -38.916545 -38.065364 -37.214182 -36.363000 -35.511818 -34.660636 -33.809455 -32.958273 -32.107091 -31.255909 -30.404727 -29.553545 -28.702364 -27.851182 -27.000000
-27.000000 -26.034945 -25.069890 -24.104835 -23.139780 -22.174725 -21.209670 -20.244615 -19.279560 -18.314505 -17.349450 -16.384395 -15.419340 -14.454285 -13.489230 -12.524175 -11.559120 -10.594065 -9.629010 -8.663955 -7.698900 -6.733845 -5.768790 -4.803735 -3.838680 -2.873625 -1.908570 -0.943515 0.021540 0.986595 1.951650 2.916705 3.881760 4.846815 5.811870 6.776925 7.741980 8.707035 9.672090 10.637145 11.602200 12.567255 13.532310
13.532310 14.519969 15.507629 16.495288 17.482947 18.470606 19.458266 20.445925 21.433584 22.421244 23.408903 24.396562 25.384221 26.371881 27.359540 28.347199 29.334859 30.322518 31.310177 32.297836 33.285496 34.273155 35.260814 36.248474 37.236133 38.223792 39.211451 40.199111 41.186770 42.174429 43.162089 44.149748 45.137407 46.125066 47.112726 48.100385 49.088044 50.075704 51.063363 52.051022 53.038681 54.026341 55.014000
# t
-27 -26.034945 -25.069890 -24.104835 -23.139780 -22.174725 -21.209670 -20.244615 -19.279560 -18.314505 -17.349450 -16.384395 -15.419340 -14.454285 -13.489230 -12.524175 -11.559120 -10.594065 -9.629010 -8.663955 -7.698900 -6.733845 -5.768790 -4.803735 -3.838680 -2.873625 -1.908570 -0.943515 0.021540 0.986595 1.951650 2.916705 3.881760 4.846815 5.811870 6.776925 7.741980 8.707035 9.672090 10.637145 11.602200 12.567255 13.532310
13.532310 14.519969 15.507629 16.495288 17.482947 18.470606 19.458266 20.445925 21.433584 22.421244 23.408903 24.396562 25.384221 26.371881 27.359540 28.347199 29.334859 30.322518 31.310177 32.297836 33.285496 34.273155 35.260814 36.248474 37.236133 38.223792 39.211451 40.199111 41.186770 42.174429 43.162089 44.149748 45.137407 46.125066 47.112726 48.100385 49.088044 50.075704 51.063363 52.051022 53.038681 54.026341 55.014000
# b
-64.436 -63.529392 -62.622783 -61.716175 -60.809567 -59.902959 -58.996350 -58.089742 -57.183134 -56.276526 -55.369917 -54.463309 -53.556701 -52.650093 -51.743484 -50.836876 -49.930268 -49.023660 -48.117051 -47.210443 -46.303835 -45.397227 -44.490618 -43.584010 -42.677402 -41.770794 -40.864185 -39.957577 -39.050969 -38.144361 -37.237752 -36.331144 -35.424536 -34.517928 -33.611319 -32.704711 -31.798103 -30.891495 -29.984886 -29.078278 -28.171670 -27.265062 -26.358453 -25.451845 -24.545237 -23.638628 -22.732020 -21.825412 -20.918804 -20.012195 -19.105587 -18.198979 -17.292371 -16.385762 -15.479154 -14.572546 -13.665938 -12.759329 -11.852721 -10.946113 -10.039505 -9.132896 -8.226288 -7.319680 -6.413072 -5.506463 -4.599855 -3.693247 -2.786639 -1.880030 -0.973422 -0.066814 0.839794 1.746403 2.653011 3.559619 4.466227 5.372836 6.279444 7.186052 8.092660 8.999269 9.905877 10.812485 11.719093 12.625702 13.532310
13.532310 14.519969 15.507629 16.495288 17.482947 18.470606 19.458266 20.445925 21.433584 22.421244 23.408903 24.396562 25.384221 26.371881 27.359540 28.347199 29.334859 30.322518 31.310177 32.297836 33.285496 34.273155 35.260814 36.248474 37.236133 38.223792 39.211451 40.199111 41.186770 42.174429 43.162089 44.149748 45.137407 46.125066 47.112726 48.100385 49.088044 50.075704 51.063363 52.051022 53.038681 54.026341 55.014000
