# lengths
mu0 101.904000
lambda 82.014000
delta 37.436000
sigma0 20.232000
sigmav 0.018000
alpha 0
beta 0.165000
# description
R i 0
CG1 i 1 t 0
DG1 b 0
postG1 i 2 t 1 b 1
# i
-101.904 -100.746000 -99.588000 -98.430000 -97.272000 -96.114000 -94.956000 -93.798000 -92.640000 -91.482000 -90.324000 -89.166000 -88.008000 -86.850000 -85.692000 -84.534000 -83.376000 -82.218000 -81.060000 -79.902000 -78.744000 -77.586000 -76.428000 -75.270000 -74.112000 -72.954000 -71.796000 -70.638000 -69.480000 -68.322000 -67.164000 -66.006000 -64.848000 -63.690000 -62.532000 -61.374000 -60.216000 -59.058000 -57.900000 -56.742000 -55.584000 -54.426000 -53.268000 -52.110000 -50.952000 -49.794000 -48.636000 -47.478000 -46.320000 -45.162000 -44.004000 -42.846000 -41.688000 -40.530000 -39.372000 -38.214000 -37.056000 -35.898000 -34.740000 -33.582000 -32.424000 -31.266000 -30.108000 -28.950000 -27.792000 -26.634000 -25.476000 -24.318000 -23.160000 -22.002000 -20.844000 -19.686000 -18.528000 -17.370000 -16.212000 -15.054000 -13.896000 -12.738000 -11.580000 -10.422000 -9.264000 -8.106000 -6.948000 -5.790000 -4.632000 -3.474000 -2.316000 -1.158000 0.000000
0.000000 0.322198 0.644396 0.966594 1.288791 1.610989 1.933187 2.255385 2.577583 2.899781 3.221979 3.544176 3.866374 4.188572 4.510770 4.832968 5.155166 5.477364 5.799561 6.121759 6.443957 6.766155 7.088353 7.410551 7.732749 8.054946 8.377144 8.699342 9.021540 9.343738 9.665936 9.988134 10.310331 10.632529 10.954727 11.276925 11.599123 11.921321 12.243519 12.565716 12.887914 13.210112 13.532310
13.532310 15.162826 16.793343 18.423859 20.054376 21.684892 23.315409 24.945925 26.576441 28.206958 29.837474 31.467991 33.098507 34.729024 36.359540 37.990056 39.620573 41.251089 42.881606 44.512122 46.142639 47.773155 49.403671 51.034188 52.664704 54.295221 55.925737 57.556254 59.186770 60.817286 62.447803 64.078319 65.708836 67.339352 68.969869 70.600385 72.230901 73.861418 75.491934 77.122451 78.752967 80.383484 82.014000
# t
0 0.322198 0.644396 0.966594 1.288791 1.610989 1.933187 2.255385 2.577583 2.899781 3.221979 3.544176 3.866374 4.188572 4.510770 4.832968 5.155166 5.477364 5.799561 6.121759 6.443957 6.766155 7.088353 7.410551 7.732749 8.054946 8.377144 8.699342 9.021540 9.343738 9.665936 9.988134 10.310331 10.632529 10.954727 11.276925 11.599123 11.921321 12.243519 12.565716 12.887914 13.210112 13.532310
13.532310 15.162826 16.793343 18.423859 20.054376 21.684892 23.315409 24.945925 26.576441 28.206958 29.837474 31.467991 33.098507 34.729024 36.359540 37.990056 39.620573 41.251089 42.881606 44.512122 46.142639 47.773155 49.403671 51.034188 52.664704 54.295221 55.925737 57.556254 59.186770 60.817286 62.447803 64.078319 65.708836 67.339352 68.969869 70.600385 72.230901 73.861418 75.491934 77.122451 78.752967 80.383484 82.014000
# b
-37.436 -36.843345 -36.250690 -35.658036 -35.065381 -34.472726 -33.880071 -33.287417 -32.694762 -32.102107 -31.509452 -30.916798 -30.324143 -29.731488 -29.138833 -28.546178 -27.953524 -27.360869 -26.768214 -26.175559 -25.582905 -24.990250 -24.397595 -23.804940 -23.212286 -22.619631 -22.026976 -21.434321 -20.841667 -20.249012 -19.656357 -19.063702 -18.471047 -17.878393 -17.285738 -16.693083 -16.100428 -15.507774 -14.915119 -14.322464 -13.729809 -13.137155 -12.544500 -11.951845 -11.359190 -10.766535 -10.173881 -9.581226 -8.988571 -8.395916 -7.803262 -7.210607 -6.617952 -6.025297 -5.432643 -4.839988 -4.247333 -3.654678 -3.062023 -2.469369 -1.876714 -1.284059 -0.691404 -0.098750 0.493905 1.086560 1.679215 2.271869 2.864524 3.457179 4.049834 4.642488 5.235143 5.827798 6.420453 7.013108 7.605762 8.198417 8.791072 9.383727 9.976381 10.569036 11.161691 11.754346 12.347000 12.939655 13.532310
13.532310 15.162826 16.793343 18.423859 20.054376 21.684892 23.315409 24.945925 26.576441 28.206958 29.837474 31.467991 33.098507 34.729024 36.359540 37.990056 39.620573 41.251089 42.881606 44.512122 46.142639 47.773155 49.403671 51.034188 52.664704 54.295221 55.925737 57.556254 59.186770 60.817286 62.447803 64.078319 65.708836 67.339352 68.969869 70.600385 72.230901 73.861418 75.491934 77.122451 78.752967 80.383484 82.014000
