# lengths
mu0 21.385800
lambda 81.008600
delta 19.162500
sigma0 15.139700
sigmav 0.117800
alpha 0.000000
beta 0.056800
# description
H h 0
R i 0
CG1 i 1 t 0
DG1 b 0
postG1 i 2 t 1 b 1
# h
-22.3858 -21.3858
# i
-21.3858 -21.1428 -20.8998 -20.6567 -20.4137 -20.1707 -19.9277 -19.6847 -19.4416 -19.1986 -18.9556 -18.7126 -18.4696 -18.2265 -17.9835 -17.7405 -17.4975 -17.2545 -17.0114 -16.7684 -16.5254 -16.2824 -16.0393 -15.7963 -15.5533 -15.3103 -15.0673 -14.8242 -14.5812 -14.3382 -14.0952 -13.8522 -13.6091 -13.3661 -13.1231 -12.8801 -12.6371 -12.3940 -12.1510 -11.9080 -11.6650 -11.4220 -11.1789 -10.9359 -10.6929 -10.4499 -10.2069 -9.9638 -9.7208 -9.4778 -9.2348 -8.9918 -8.7487 -8.5057 -8.2627 -8.0197 -7.7767 -7.5336 -7.2906 -7.0476 -6.8046 -6.5616 -6.3185 -6.0755 -5.8325 -5.5895 -5.3465 -5.1034 -4.8604 -4.6174 -4.3744 -4.1313 -3.8883 -3.6453 -3.4023 -3.1593 -2.9162 -2.6732 -2.4302 -2.1872 -1.9442 -1.7011 -1.4581 -1.2151 -0.9721 -0.7291 -0.4860 -0.2430 0.0000
0.0000 0.1096 0.2191 0.3287 0.4382 0.5478 0.6573 0.7669 0.8764 0.9860 1.0955 1.2051 1.3147 1.4242 1.5338 1.6433 1.7529 1.8624 1.9720 2.0815 2.1911 2.3006 2.4102 2.5198 2.6293 2.7389 2.8484 2.9580 3.0675 3.1771 3.2866 3.3962 3.5057 3.6153 3.7249 3.8344 3.9440 4.0535 4.1631 4.2726 4.3822 4.4917 4.6013
4.6013 6.4205 8.2397 10.0590 11.8782 13.6974 15.5166 17.3358 19.1551 20.9743 22.7935 24.6127 26.4319 28.2512 30.0704 31.8896 33.7088 35.5281 37.3473 39.1665 40.9857 42.8049 44.6242 46.4434 48.2626 50.0818 51.9011 53.7203 55.5395 57.3587 59.1779 60.9972 62.8164 64.6356 66.4548 68.2740 70.0933 71.9125 73.7317 75.5509 77.3702 79.1894 81.0086
# t
0.0000 0.1096 0.2191 0.3287 0.4382 0.5478 0.6573 0.7669 0.8764 0.9860 1.0955 1.2051 1.3147 1.4242 1.5338 1.6433 1.7529 1.8624 1.9720 2.0815 2.1911 2.3006 2.4102 2.5198 2.6293 2.7389 2.8484 2.9580 3.0675 3.1771 3.2866 3.3962 3.5057 3.6153 3.7249 3.8344 3.9440 4.0535 4.1631 4.2726 4.3822 4.4917 4.6013
4.6013 6.4205 8.2397 10.0590 11.8782 13.6974 15.5166 17.3358 19.1551 20.9743 22.7935 24.6127 26.4319 28.2512 30.0704 31.8896 33.7088 35.5281 37.3473 39.1665 40.9857 42.8049 44.6242 46.4434 48.2626 50.0818 51.9011 53.7203 55.5395 57.3587 59.1779 60.9972 62.8164 64.6356 66.4548 68.2740 70.0933 71.9125 73.7317 75.5509 77.3702 79.1894 81.0086
# b
-19.1625 -18.8862 -18.6099 -18.3335 -18.0572 -17.7809 -17.5046 -17.2282 -16.9519 -16.6756 -16.3993 -16.1229 -15.8466 -15.5703 -15.2940 -15.0177 -14.7413 -14.4650 -14.1887 -13.9124 -13.6360 -13.3597 -13.0834 -12.8071 -12.5307 -12.2544 -11.9781 -11.7018 -11.4255 -11.1491 -10.8728 -10.5965 -10.3202 -10.0438 -9.7675 -9.4912 -9.2149 -8.9385 -8.6622 -8.3859 -8.1096 -7.8333 -7.5569 -7.2806 -7.0043 -6.7280 -6.4516 -6.1753 -5.8990 -5.6227 -5.3463 -5.0700 -4.7937 -4.5174 -4.2411 -3.9647 -3.6884 -3.4121 -3.1358 -2.8594 -2.5831 -2.3068 -2.0305 -1.7541 -1.4778 -1.2015 -0.9252 -0.6489 -0.3725 -0.0962 0.1801 0.4564 0.7328 1.0091 1.2854 1.5617 1.8381 2.1144 2.3907 2.6670 2.9433 3.2197 3.4960 3.7723 4.0486 4.3250 4.6013
4.6013 6.4205 8.2397 10.0590 11.8782 13.6974 15.5166 17.3358 19.1551 20.9743 22.7935 24.6127 26.4319 28.2512 30.0704 31.8896 33.7088 35.5281 37.3473 39.1665 40.9857 42.8049 44.6242 46.4434 48.2626 50.0818 51.9011 53.7203 55.5395 57.3587 59.1779 60.9972 62.8164 64.6356 66.4548 68.2740 70.0933 71.9125 73.7317 75.5509 77.3702 79.1894 81.0086
