# lengths
mu0 5.972600
lambda 97.363400
delta 0.082700
sigma0 13.059700
sigmav 0.156200
alpha 0.000000
beta 16.045488
halted 0.346300
# description
H h 0
RG1 i 0
CG1 t 0
DG1 b 0
postG1 i 1 t 1 b 1
# h
0.0000 97.3634
# i
-5.9726 -5.2845 -4.5965 -3.9084 -3.2203 -2.5323 -1.8442 -1.1561 -0.4681 0.2200 0.9081 1.5961 2.2842 2.9722 3.6603 4.3484 5.0364 5.7245 6.4126 7.1006 7.7887 8.4768 9.1648 9.8529 10.5410 11.2290 11.9171 12.6052 13.2932 13.9813 14.6694 15.3574 16.0455
16.0455 17.9816 19.9178 21.8539 23.7901 25.7262 27.6623 29.5985 31.5346 33.4708 35.4069 37.3430 39.2792 41.2153 43.1515 45.0876 47.0237 48.9599 50.8960 52.8322 54.7683 56.7044 58.6406 60.5767 62.5129 64.4490 66.3851 68.3213 70.2574 72.1936 74.1297 76.0659 78.0020 79.9381 81.8743 83.8104 85.7466 87.6827 89.6188 91.5550 93.4911 95.4273 97.3634
# t
0.0000 0.3820 0.7641 1.1461 1.5281 1.9102 2.2922 2.6742 3.0563 3.4383 3.8204 4.2024 4.5844 4.9665 5.3485 5.7305 6.1126 6.4946 6.8766 7.2587 7.6407 8.0227 8.4048 8.7868 9.1689 9.5509 9.9329 10.3150 10.6970 11.0790 11.4611 11.8431 12.2251 12.6072 12.9892 13.3712 13.7533 14.1353 14.5173 14.8994 15.2814 15.6635 16.0455
16.0455 17.9816 19.9178 21.8539 23.7901 25.7262 27.6623 29.5985 31.5346 33.4708 35.4069 37.3430 39.2792 41.2153 43.1515 45.0876 47.0237 48.9599 50.8960 52.8322 54.7683 56.7044 58.6406 60.5767 62.5129 64.4490 66.3851 68.3213 70.2574 72.1936 74.1297 76.0659 78.0020 79.9381 81.8743 83.8104 85.7466 87.6827 89.6188 91.5550 93.4911 95.4273 97.3634
# b
-0.0827 0.2275 0.5376 0.8478 1.1579 1.4681 1.7782 2.0884 2.3986 2.7087 3.0189 3.3290 3.6392 3.9493 4.2595 4.5697 4.8798 5.1900 5.5001 5.8103 6.1204 6.4306 6.7408 7.0509 7.3611 7.6712 7.9814 8.2916 8.6017 8.9119 9.2220 9.5322 9.8423 10.1525 10.4627 10.7728 11.0830 11.3931 11.7033 12.0134 12.3236 12.6338 12.9439 13.2541 13.5642 13.8744 14.1845 14.4947 14.8049 15.1150 15.4252 15.7353 16.0455
16.0455 17.9816 19.9178 21.8539 23.7901 25.7262 27.6623 29.5985 31.5346 33.4708 35.4069 37.3430 39.2792 41.2153 43.1515 45.0876 47.0237 48.9599 50.8960 52.8322 54.7683 56.7044 58.6406 60.5767 62.5129 64.4490 66.3851 68.3213 70.2574 72.1936 74.1297 76.0659 78.0020 79.9381 81.8743 83.8104 85.7466 87.6827 89.6188 91.5550 93.4911 95.4273 97.3634
