# lengths
mu0 32.776200
lambda 65.631600
delta 23.846200
sigma0 14.975600
sigmav 0.107300
alpha 0.000000
beta 0.000100
# description
H h 0
R i 0
CG1 i 1 t 0
DG1 b 0
postG1 i 2 t 1 b 1
# h
-33.7762 -32.7762
# i
-32.7762 -32.4037 -32.0313 -31.6588 -31.2864 -30.9139 -30.5415 -30.1690 -29.7965 -29.4241 -29.0516 -28.6792 -28.3067 -27.9343 -27.5618 -27.1893 -26.8169 -26.4444 -26.0720 -25.6995 -25.3271 -24.9546 -24.5822 -24.2097 -23.8372 -23.4648 -23.0923 -22.7199 -22.3474 -21.9750 -21.6025 -21.2300 -20.8576 -20.4851 -20.1127 -19.7402 -19.3678 -18.9953 -18.6228 -18.2504 -17.8779 -17.5055 -17.1330 -16.7606 -16.3881 -16.0156 -15.6432 -15.2707 -14.8983 -14.5258 -14.1534 -13.7809 -13.4084 -13.0360 -12.6635 -12.2911 -11.9186 -11.5462 -11.1737 -10.8012 -10.4288 -10.0563 -9.6839 -9.3114 -8.9390 -8.5665 -8.1941 -7.8216 -7.4491 -7.0767 -6.7042 -6.3318 -5.9593 -5.5869 -5.2144 -4.8419 -4.4695 -4.0970 -3.7246 -3.3521 -2.9797 -2.6072 -2.2347 -1.8623 -1.4898 -1.1174 -0.7449 -0.3725 0.0000
0.0000 0.0002 0.0003 0.0005 0.0006 0.0008 0.0009 0.0011 0.0013 0.0014 0.0016 0.0017 0.0019 0.0020 0.0022 0.0023 0.0025 0.0027 0.0028 0.0030 0.0031 0.0033 0.0034 0.0036 0.0038 0.0039 0.0041 0.0042 0.0044 0.0045 0.0047 0.0048 0.0050 0.0052 0.0053 0.0055 0.0056 0.0058 0.0059 0.0061 0.0063 0.0064 0.0066
0.0066 1.5691 3.1316 4.6941 6.2566 7.8191 9.3816 10.9441 12.5066 14.0691 15.6316 17.1941 18.7566 20.3191 21.8816 23.4441 25.0066 26.5691 28.1316 29.6941 31.2566 32.8191 34.3816 35.9441 37.5066 39.0691 40.6316 42.1941 43.7566 45.3191 46.8816 48.4441 50.0066 51.5691 53.1316 54.6941 56.2566 57.8191 59.3816 60.9441 62.5066 64.0691 65.6316
# t
0.0000 0.0002 0.0003 0.0005 0.0006 0.0008 0.0009 0.0011 0.0013 0.0014 0.0016 0.0017 0.0019 0.0020 0.0022 0.0023 0.0025 0.0027 0.0028 0.0030 0.0031 0.0033 0.0034 0.0036 0.0038 0.0039 0.0041 0.0042 0.0044 0.0045 0.0047 0.0048 0.0050 0.0052 0.0053 0.0055 0.0056 0.0058 0.0059 0.0061 0.0063 0.0064 0.0066
0.0066 1.5691 3.1316 4.6941 6.2566 7.8191 9.3816 10.9441 12.5066 14.0691 15.6316 17.1941 18.7566 20.3191 21.8816 23.4441 25.0066 26.5691 28.1316 29.6941 31.2566 32.8191 34.3816 35.9441 37.5066 39.0691 40.6316 42.1941 43.7566 45.3191 46.8816 48.4441 50.0066 51.5691 53.1316 54.6941 56.2566 57.8191 59.3816 60.9441 62.5066 64.0691 65.6316
# b
-23.8462 -23.5688 -23.2915 -23.0141 -22.7368 -22.4594 -22.1821 -21.9047 -21.6273 -21.3500 -21.0726 -20.7953 -20.5179 -20.2405 -19.9632 -19.6858 -19.4085 -19.1311 -18.8538 -18.5764 -18.2990 -18.0217 -17.7443 -17.4670 -17.1896 -16.9123 -16.6349 -16.3575 -16.0802 -15.8028 -15.5255 -15.2481 -14.9708 -14.6934 -14.4160 -14.1387 -13.8613 -13.5840 -13.3066 -13.0292 -12.7519 -12.4745 -12.1972 -11.9198 -11.6425 -11.3651 -11.0877 -10.8104 -10.5330 -10.2557 -9.9783 -9.7010 -9.4236 -9.1462 -8.8689 -8.5915 -8.3142 -8.0368 -7.7595 -7.4821 -7.2047 -6.9274 -6.6500 -6.3727 -6.0953 -5.8179 -5.5406 -5.2632 -4.9859 -4.7085 -4.4312 -4.1538 -3.8764 -3.5991 -3.3217 -3.0444 -2.7670 -2.4897 -2.2123 -1.9349 -1.6576 -1.3802 -1.1029 -0.8255 -0.5482 -0.2708 0.0066
0.0066 1.5691 3.1316 4.6941 6.2566 7.8191 9.3816 10.9441 12.5066 14.0691 15.6316 17.1941 18.7566 20.3191 21.8816 23.4441 25.0066 26.5691 28.1316 29.6941 31.2566 32.8191 34.3816 35.9441 37.5066 39.0691 40.6316 42.1941 43.7566 45.3191 46.8816 48.4441 50.0066 51.5691 53.1316 54.6941 56.2566 57.8191 59.3816 60.9441 62.5066 64.0691 65.6316
