# lengths
mu0 20.151000
lambda 60.209300
delta 10.895300
sigma0 10.631000
sigmav 0.129700
alpha 20.000000
beta 0.000000
gamma1 0.001700
gamma2 0.283700
halted 0.290600
# description
RG1 i 0
CG1 t 0
DG1 b 0
postG1 i 1 t 1 b 1
# i
-20.1510 -19.2304 -18.3098 -17.3892 -16.4686 -15.5480 -14.6274 -13.7068 -12.7861 -11.8655 -10.9449 -10.0243 -9.1037 -8.1831 -7.2625 -6.3419 -5.4213 -4.5007 -3.5801 -2.6595 -1.7389 -0.8183 0.1024
0.1024 1.0573 2.0122 2.9671 3.9221 4.8770 5.8319 6.7868 7.7418 8.6967 9.6516 10.6066 11.5615 12.5164 13.4713 14.4263 15.3812 16.3361 17.2910 18.2460 19.2009 20.1558 21.1108 22.0657 23.0206 23.9755 24.9305 25.8854 26.8403 27.7952 28.7502 29.7051 30.6600 31.6150 32.5699 33.5248 34.4797 35.4347 36.3896 37.3445 38.2994 39.2544 40.2093
# t
-20.0000 -19.0863 -18.1725 -17.2588 -16.3450 -15.4313 -14.5175 -13.6038 -12.6901 -11.7763 -10.8626 -9.9488 -9.0351 -8.1213 -7.2076 -6.2938 -5.3801 -4.4664 -3.5526 -2.6389 -1.7251 -0.8114 0.1024
0.1024 1.0573 2.0122 2.9671 3.9221 4.8770 5.8319 6.7868 7.7418 8.6967 9.6516 10.6066 11.5615 12.5164 13.4713 14.4263 15.3812 16.3361 17.2910 18.2460 19.2009 20.1558 21.1108 22.0657 23.0206 23.9755 24.9305 25.8854 26.8403 27.7952 28.7502 29.7051 30.6600 31.6150 32.5699 33.5248 34.4797 35.4347 36.3896 37.3445 38.2994 39.2544 40.2093
# b
-30.8953 -29.4863 -28.0773 -26.6683 -25.2594 -23.8504 -22.4414 -21.0324 -19.6234 -18.2144 -16.8055 -15.3965 -13.9875 -12.5785 -11.1695 -9.7605 -8.3516 -6.9426 -5.5336 -4.1246 -2.7156 -1.3066 0.1024
0.1024 1.0573 2.0122 2.9671 3.9221 4.8770 5.8319 6.7868 7.7418 8.6967 9.6516 10.6066 11.5615 12.5164 13.4713 14.4263 15.3812 16.3361 17.2910 18.2460 19.2009 20.1558 21.1108 22.0657 23.0206 23.9755 24.9305 25.8854 26.8403 27.7952 28.7502 29.7051 30.6600 31.6150 32.5699 33.5248 34.4797 35.4347 36.3896 37.3445 38.2994 39.2544 40.2093
