# lengths
mu0 31.774900
lambda 67.118600
delta 22.530000
sigma0 14.218300
sigmav 0.119700
alpha 0.000000
beta 0.152400
halted 0.131100
# description
RG1 i 0
CG1 t 0
DG1 b 0
postG1 i 1 t 1 b 1
# i
-31.7749 -30.9177 -30.0605 -29.2032 -28.3460 -27.4888 -26.6316 -25.7744 -24.9171 -24.0599 -23.2027 -22.3455 -21.4883 -20.6310 -19.7738 -18.9166 -18.0594 -17.2022 -16.3449 -15.4877 -14.6305 -13.7733 -12.9161 -12.0588 -11.2016 -10.3444 -9.4872 -8.6300 -7.7727 -6.9155 -6.0583 -5.2011 -4.3439 -3.4866 -2.6294 -1.7722 -0.9150 -0.0578 0.7995 1.6567 2.5139 3.3711 4.2283 5.0856 5.9428 6.8000 7.6572 8.5144 9.3717 10.2289
10.2289 10.9490 11.6691 12.3892 13.1094 13.8295 14.5496 15.2697 15.9899 16.7100 17.4301 18.1502 18.8704 19.5905 20.3106 21.0307 21.7508 22.4710 23.1911 23.9112 24.6313 25.3515 26.0716 26.7917 27.5118 28.2320 28.9521 29.6722 30.3923 31.1124 31.8326 32.5527 33.2728 33.9929 34.7131 35.4332 36.1533 36.8734 37.5936 38.3137 39.0338 39.7539 40.4740 41.1942 41.9143 42.6344 43.3545 44.0747 44.7948 45.5149 46.2350 46.9552 47.6753 48.3954 49.1155 49.8356 50.5558 51.2759 51.9960 52.7161 53.4363 54.1564 54.8765 55.5966 56.3168 57.0369 57.7570 58.4771 59.1972 59.9174 60.6375 61.3576 62.0777 62.7979 63.5180 64.2381 64.9582 65.6784 66.3985 67.1186
# t
0.0000 0.2088 0.4175 0.6263 0.8350 1.0438 1.2525 1.4613 1.6700 1.8788 2.0875 2.2963 2.5050 2.7138 2.9225 3.1313 3.3400 3.5488 3.7575 3.9663 4.1751 4.3838 4.5926 4.8013 5.0101 5.2188 5.4276 5.6363 5.8451 6.0538 6.2626 6.4713 6.6801 6.8888 7.0976 7.3063 7.5151 7.7238 7.9326 8.1413 8.3501 8.5589 8.7676 8.9764 9.1851 9.3939 9.6026 9.8114 10.0201 10.2289
10.2289 10.9490 11.6691 12.3892 13.1094 13.8295 14.5496 15.2697 15.9899 16.7100 17.4301 18.1502 18.8704 19.5905 20.3106 21.0307 21.7508 22.4710 23.1911 23.9112 24.6313 25.3515 26.0716 26.7917 27.5118 28.2320 28.9521 29.6722 30.3923 31.1124 31.8326 32.5527 33.2728 33.9929 34.7131 35.4332 36.1533 36.8734 37.5936 38.3137 39.0338 39.7539 40.4740 41.1942 41.9143 42.6344 43.3545 44.0747 44.7948 45.5149 46.2350 46.9552 47.6753 48.3954 49.1155 49.8356 50.5558 51.2759 51.9960 52.7161 53.4363 54.1564 54.8765 55.5966 56.3168 57.0369 57.7570 58.4771 59.1972 59.9174 60.6375 61.3576 62.0777 62.7979 63.5180 64.2381 64.9582 65.6784 66.3985 67.1186
# b
-22.5300 -21.8615 -21.1929 -20.5244 -19.8558 -19.1873 -18.5187 -17.8502 -17.1816 -16.5131 -15.8445 -15.1760 -14.5074 -13.8389 -13.1703 -12.5018 -11.8332 -11.1647 -10.4961 -9.8276 -9.1590 -8.4905 -7.8219 -7.1534 -6.4848 -5.8163 -5.1477 -4.4792 -3.8106 -3.1421 -2.4735 -1.8050 -1.1364 -0.4679 0.2006 0.8692 1.5377 2.2063 2.8748 3.5434 4.2119 4.8805 5.5490 6.2176 6.8861 7.5547 8.2232 8.8918 9.5603 10.2289
10.2289 10.9490 11.6691 12.3892 13.1094 13.8295 14.5496 15.2697 15.9899 16.7100 17.4301 18.1502 18.8704 19.5905 20.3106 21.0307 21.7508 22.4710 23.1911 23.9112 24.6313 25.3515 26.0716 26.7917 27.5118 28.2320 28.9521 29.6722 30.3923 31.1124 31.8326 32.5527 33.2728 33.9929 34.7131 35.4332 36.1533 36.8734 37.5936 38.3137 39.0338 39.7539 40.4740 41.1942 41.9143 42.6344 43.3545 44.0747 44.7948 45.5149 46.2350 46.9552 47.6753 48.3954 49.1155 49.8356 50.5558 51.2759 51.9960 52.7161 53.4363 54.1564 54.8765 55.5966 56.3168 57.0369 57.7570 58.4771 59.1972 59.9174 60.6375 61.3576 62.0777 62.7979 63.5180 64.2381 64.9582 65.6784 66.3985 67.1186
