# lengths
mu0 94.387000
lambda 79.487000
delta 44.318000
sigma0 17.961000
sigmav 0.025000
alpha 0
beta 0.153000
# description
R i 0
CG1 i 1 t 0
DG1 b 0
postG1 i 2 t 1 b 1
# i
-94.387 -93.314420 -92.241841 -91.169261 -90.096682 -89.024102 -87.951523 -86.878943 -85.806364 -84.733784 -83.661205 -82.588625 -81.516045 -80.443466 -79.370886 -78.298307 -77.225727 -76.153148 -75.080568 -74.007989 -72.935409 -71.862830 -70.790250 -69.717670 -68.645091 -67.572511 -66.499932 -65.427352 -64.354773 -63.282193 -62.209614 -61.137034 -60.064455 -58.991875 -57.919295 -56.846716 -55.774136 -54.701557 -53.628977 -52.556398 -51.483818 -50.411239 -49.338659 -48.266080 -47.193500 -46.120920 -45.048341 -43.975761 -42.903182 -41.830602 -40.758023 -39.685443 -38.612864 -37.540284 -36.467705 -35.395125 -34.322545 -33.249966 -32.177386 -31.104807 -30.032227 -28.959648 -27.887068 -26.814489 -25.741909 -24.669330 -23.596750 -22.524170 -21.451591 -20.379011 -19.306432 -18.233852 -17.161273 -16.088693 -15.016114 -13.943534 -12.870955 -11.798375 -10.725795 -9.653216 -8.580636 -7.508057 -6.435477 -5.362898 -4.290318 -3.217739 -2.145159 -1.072580 0.000000
0.000000 0.289560 0.579120 0.868679 1.158239 1.447799 1.737359 2.026919 2.316478 2.606038 2.895598 3.185158 3.474717 3.764277 4.053837 4.343397 4.632957 4.922516 5.212076 5.501636 5.791196 6.080756 6.370315 6.659875 6.949435 7.238995 7.528554 7.818114 8.107674 8.397234 8.686794 8.976353 9.265913 9.555473 9.845033 10.134593 10.424152 10.713712 11.003272 11.292832 11.582391 11.871951 12.161511
12.161511 13.764499 15.367487 16.970475 18.573462 20.176450 21.779438 23.382426 24.985414 26.588401 28.191389 29.794377 31.397365 33.000353 34.603341 36.206328 37.809316 39.412304 41.015292 42.618280 44.221268 45.824255 47.427243 49.030231 50.633219 52.236207 53.839195 55.442183 57.045170 58.648158 60.251146 61.854134 63.457122 65.060109 66.663097 68.266085 69.869073 71.472061 73.075049 74.678036 76.281024 77.884012 79.487000
# t
0 0.289560 0.579120 0.868679 1.158239 1.447799 1.737359 2.026919 2.316478 2.606038 2.895598 3.185158 3.474717 3.764277 4.053837 4.343397 4.632957 4.922516 5.212076 5.501636 5.791196 6.080756 6.370315 6.659875 6.949435 7.238995 7.528554 7.818114 8.107674 8.397234 8.686794 8.976353 9.265913 9.555473 9.845033 10.134593 10.424152 10.713712 11.003272 11.292832 11.582391 11.871951 12.161511
12.161511 13.764499 15.367487 16.970475 18.573462 20.176450 21.779438 23.382426 24.985414 26.588401 28.191389 29.794377 31.397365 33.000353 34.603341 36.206328 37.809316 39.412304 41.015292 42.618280 44.221268 45.824255 47.427243 49.030231 50.633219 52.236207 53.839195 55.442183 57.045170 58.648158 60.251146 61.854134 63.457122 65.060109 66.663097 68.266085 69.869073 71.472061 73.075049 74.678036 76.281024 77.884012 79.487000
# b
-44.318 -43.661261 -43.004523 -42.347784 -41.691046 -41.034307 -40.377569 -39.720830 -39.064092 -38.407353 -37.750615 -37.093877 -36.437138 -35.780400 -35.123661 -34.466922 -33.810184 -33.153445 -32.496707 -31.839968 -31.183230 -30.526491 -29.869753 -29.213014 -28.556276 -27.899537 -27.242799 -26.586060 -25.929322 -25.272583 -24.615845 -23.959106 -23.302368 -22.645629 -21.988891 -21.332152 -20.675414 -20.018675 -19.361937 -18.705198 -18.048460 -17.391721 -16.734983 -16.078244 -15.421506 -14.764767 -14.108029 -13.451290 -12.794552 -12.137814 -11.481075 -10.824337 -10.167598 -9.510859 -8.854121 -8.197382 -7.540644 -6.883905 -6.227167 -5.570428 -4.913690 -4.256951 -3.600213 -2.943475 -2.286736 -1.629997 -0.973259 -0.316520 0.340218 0.996957 1.653695 2.310434 2.967172 3.623911 4.280649 4.937387 5.594126 6.250865 6.907603 7.564342 8.221080 8.877819 9.534557 10.191296 10.848034 11.504773 12.161511
12.161511 13.764499 15.367487 16.970475 18.573462 20.176450 21.779438 23.382426 24.985414 26.588401 28.191389 29.794377 31.397365 33.000353 34.603341 36.206328 37.809316 39.412304 41.015292 42.618280 44.221268 45.824255 47.427243 49.030231 50.633219 52.236207 53.839195 55.442183 57.045170 58.648158 60.251146 61.854134 63.457122 65.060109 66.663097 68.266085 69.869073 71.472061 73.075049 74.678036 76.281024 77.884012 79.487000
