# lengths
mu0 23.404500
lambda 77.578900
delta 23.615300
sigma0 15.213900
sigmav 0.098300
alpha 0.000000
beta 4.445271
halted 0.339300
# description
H h 0
RG1 i 0
CG1 t 0
DG1 b 0
postG1 i 1 t 1 b 1
# h
0.0000 77.5789
# i
-23.4045 -22.5342 -21.6639 -20.7936 -19.9233 -19.0530 -18.1827 -17.3124 -16.4421 -15.5718 -14.7014 -13.8311 -12.9608 -12.0905 -11.2202 -10.3499 -9.4796 -8.6093 -7.7390 -6.8687 -5.9984 -5.1281 -4.2578 -3.3875 -2.5172 -1.6469 -0.7766 0.0937 0.9640 1.8344 2.7047 3.5750 4.4453
4.4453 6.1865 7.9278 9.6691 11.4104 13.1517 14.8929 16.6342 18.3755 20.1168 21.8580 23.5993 25.3406 27.0819 28.8231 30.5644 32.3057 34.0470 35.7883 37.5295 39.2708 41.0121 42.7534 44.4946 46.2359 47.9772 49.7185 51.4597 53.2010 54.9423 56.6836 58.4249 60.1661 61.9074 63.6487 65.3900 67.1312 68.8725 70.6138 72.3551 74.0963 75.8376 77.5789
# t
0.0000 0.1058 0.2117 0.3175 0.4234 0.5292 0.6350 0.7409 0.8467 0.9526 1.0584 1.1642 1.2701 1.3759 1.4818 1.5876 1.6934 1.7993 1.9051 2.0110 2.1168 2.2226 2.3285 2.4343 2.5402 2.6460 2.7518 2.8577 2.9635 3.0694 3.1752 3.2810 3.3869 3.4927 3.5986 3.7044 3.8102 3.9161 4.0219 4.1278 4.2336 4.3394 4.4453
4.4453 6.1865 7.9278 9.6691 11.4104 13.1517 14.8929 16.6342 18.3755 20.1168 21.8580 23.5993 25.3406 27.0819 28.8231 30.5644 32.3057 34.0470 35.7883 37.5295 39.2708 41.0121 42.7534 44.4946 46.2359 47.9772 49.7185 51.4597 53.2010 54.9423 56.6836 58.4249 60.1661 61.9074 63.6487 65.3900 67.1312 68.8725 70.6138 72.3551 74.0963 75.8376 77.5789
# b
-23.6153 -23.0757 -22.5360 -21.9964 -21.4568 -20.9172 -20.3775 -19.8379 -19.2983 -18.7587 -18.2190 -17.6794 -17.1398 -16.6002 -16.0605 -15.5209 -14.9813 -14.4417 -13.9020 -13.3624 -12.8228 -12.2831 -11.7435 -11.2039 -10.6643 -10.1246 -9.5850 -9.0454 -8.5058 -7.9661 -7.4265 -6.8869 -6.3473 -5.8076 -5.2680 -4.7284 -4.1888 -3.6491 -3.1095 -2.5699 -2.0302 -1.4906 -0.9510 -0.4114 0.1283 0.6679 1.2075 1.7471 2.2868 2.8264 3.3660 3.9056 4.4453
4.4453 6.1865 7.9278 9.6691 11.4104 13.1517 14.8929 16.6342 18.3755 20.1168 21.8580 23.5993 25.3406 27.0819 28.8231 30.5644 32.3057 34.0470 35.7883 37.5295 39.2708 41.0121 42.7534 44.4946 46.2359 47.9772 49.7185 51.4597 53.2010 54.9423 56.6836 58.4249 60.1661 61.9074 63.6487 65.3900 67.1312 68.8725 70.6138 72.3551 74.0963 75.8376 77.5789
